3388.5916 0.29777753 0.3944565 0.41960698 0.23046918
3392.1677 0.09612554 0.19259487 0.39934066 0.22128186
3395.7437 0.012514919 0.18179895 0.40480253 0.217425
3399.3198 -0.008628202 0.122484125 0.40493396 0.21796624
3402.896 0.037723232 0.06391348 0.3592974 0.22042233
3406.472 0.1627099 0.19017333 0.26540914 0.22160874
3410.048 0.20302472 0.18374993 0.2312168 0.22126225
3413.6243 0.011412907 0.0018234989 0.26142135 0.21916816
3417.2002 0.012750016 0.04462724 0.28055692 0.22110747
3420.7764 0.29341856 0.29627857 0.26695895 0.22559601
3424.3523 0.13499232 0.10813131 0.29345813 0.22153978
3427.9285 0.27313253 0.19759242 0.3158806 0.22813112
3431.5046 0.32457584 0.2865584 0.33175766 0.22910328
3435.0806 -0.022232054 0.010000792 0.3616066 0.21655051
3438.6567 -0.19519772 -0.17254448 0.36499697 0.21080412
3442.233 0.22908518 0.29517576 0.2822418 0.22233759
3445.8088 0.31298766 0.3924295 0.2988245 0.225346
3449.385 0.21163648 0.25515836 0.25355208 0.22382279
3452.9612 0.30970857 0.31565142 0.11772739 0.22508813
3456.537 0.3395309 0.29620442 0.124085024 0.22500077
3460.1133 0.100749284 -0.008222819 0.25433975 0.22720765
3463.6895 0.3399541 0.45957974 0.22969794 0.22712232
3467.2654 0.30303812 0.47783405 0.40636596 0.22557133
3470.8416 0.08411194 0.07391074 0.54241705 0.22801313
3474.4177 0.25421554 0.20207046 0.3030947 0.23062254
3477.9937 0.13341725 0.09885148 0.30176356 0.22400635
3481.5698 0.2327636 0.20085098 0.3820347 0.22688529
3485.1458 0.4121128 0.46963996 0.41231588 0.23258443
3488.722 0.29499266 0.35484505 0.32622415 0.22603647
3492.298 0.11436387 0.03650658 0.34747148 0.22213842
3495.874 0.2959934 0.22486964 0.5700153 0.23664813
3499.4502 0.4286666 0.4872578 0.36929235 0.23294264
3503.0264 0.574093 0.6007902 0.40422478 0.23945922
3506.6023 0.48122367 0.35067862 0.5427292 0.2422937
3510.1785 0.34906295 0.31997994 0.44629055 0.23225912
3513.7546 0.3702972 0.5107576 0.34500903 0.22766434
3517.3306 0.23791635 0.11859164 0.4886971 0.23253193
3520.9067 0.26377687 0.2369189 0.42653212 0.22944196
3524.483 0.53554165 0.59206903 0.28964657 0.23278734
3528.0588 0.5152299 0.513786 0.3636224 0.23541436
3531.635 0.2846236 0.2858179 0.50017726 0.23168026
3535.211 0.20159635 0.2607685 0.4677768 0.22678636
3538.787 0.14480467 0.21530299 0.37047622 0.22203556
3542.3633 0.24164237 0.40553793 0.32713205 0.22308429
3545.9392 0.7749731 0.738244 0.34563252 0.24427266
3549.5154 0.40032429 0.43451118 0.41399112 0.2331433
3553.0916 0.018451432 0.05583692 0.5103254 0.22319232
3556.6675 0.343315 0.2749139 0.5367472 0.23673575
3560.2437 0.42601922 0.48208898 0.44092095 0.23470159
3563.8198 0.24261323 0.26590332 0.3854896 0.22465543
3567.3958 0.4300425 0.5089214 0.5104022 0.23591788
3570.972 0.11785031 0.079613216 0.50821555 0.22707582
3574.548 0.19601667 0.14719771 0.41092658 0.23111804
3578.124 0.46931246 0.5061542 0.384414 0.23557338
3581.7002 0.27685878 0.2907228 0.4653803 0.23039223
3585.2764 0.015913604 -0.039370824 0.52525955 0.22944148
3588.8523 0.10432063 0.06438775 0.4850592 0.22454907
3592.4285 0.21995784 0.21395798 0.50483686 0.22897996
3596.0044 0.49763656 0.49029592 0.5480048 0.23967852
3599.5806 0.52740973 0.587525 0.5136229 0.23712157
3603.1567 0.28106767 0.2049769 0.5117753 0.23622641
3606.7327 0.2301833 0.28900403 0.49430716 0.23163034
3610.3088 0.49694145 0.66707253 0.41678497 0.23396988
3613.885 0.653781 0.6105801 0.52601427 0.24819575
3617.461 0.6514459 0.71338403 0.66650957 0.24620719
3621.037 0.908307 0.85808796 0.33239982 0.24630839
3624.6133 0.8185929 0.79563427 0.45228934 0.24632183
3628.1892 0.37344557 0.29734668 0.43061176 0.23450233
3631.7654 0.73481995 0.7454737 0.26825774 0.23825847
3635.3416 0.61591536 0.6500915 0.3853282 0.23679672
3638.9175 0.7518688 0.9056426 0.4322816 0.24168572
3642.4937 0.6845283 0.9048957 0.4540222 0.23809013
3646.0698 0.062232327 0.23313196 0.56473404 0.22134663
3649.6458 0.5317902 0.774189 0.4778011 0.2338922
3653.222 0.44810006 0.4500778 0.63104755 0.24003197
3656.7979 0.54384106 0.6895342 0.63206893 0.24004665
3660.374 0.42446938 0.48973304 0.5246804 0.23464036
3663.9502 0.9451475 0.88423634 0.5230904 0.2540351
3667.5261 0.8073094 0.8666838 0.528904 0.24755776
3671.1023 0.8692936 0.85160905 0.41122085 0.24736246
3674.6785 0.9169341 0.89619386 0.35032815 0.24631394
3678.2544 0.529037 0.5796926 0.35841277 0.23310667
3681.8306 0.5484442 0.516737 0.41762418 0.23709427
3685.4067 0.738281 0.6803845 0.4789339 0.24424131
3688.9827 0.55928123 0.5243071 0.4861171 0.23939925
3692.5588 0.5631714 0.5387568 0.61754483 0.24415924
3696.135 0.56843936 0.51740336 0.5682892 0.24229527
3699.711 1.0945312 1.0736369 0.5381539 0.25652325
3703.287 0.72249824 0.7874713 0.39390987 0.23941295
3706.8633 0.5266321 0.62838066 0.39264637 0.2328417
3710.4392 1.2807713 1.3228166 0.34040532 0.25643662
3714.0154 1.2112594 1.1885207 0.46363336 0.25763825
3717.5913 0.9278676 0.92090684 0.4994688 0.25050217
3721.1675 0.91278464 0.9007895 0.49616474 0.25133318
3724.7437 0.9763875 0.9092596 0.48246956 0.25210667
3728.3196 1.2388662 1.1728448 0.51514924 0.2609273
3731.8958 0.78837705 0.83112645 0.60158193 0.24910365
3735.472 0.6923449 0.6733196 0.48053285 0.24299873
3739.0479 1.3667735 1.2379265 0.47243705 0.26431182
3742.624 0.76118916 0.8339384 0.70305145 0.24985346
3746.2002 0.7033324 0.81297314 0.58655477 0.24627957
3749.7761 0.5579197 0.63612777 0.49525487 0.23820646
3753.3523 0.8104193 0.731804 0.5279321 0.24880329
3756.9285 1.4073572 1.3407016 0.5412302 0.26565412
3760.5044 1.2323376 1.1989253 0.6648718 0.26433703
3764.0806 1.0918139 1.1222266 0.5313204 0.2541839
3767.6567 1.1077935 1.1730115 0.47199917 0.25436968
3771.2327 1.3398218 1.2232118 0.58305866 0.26559126
3774.8088 0.8174284 0.81750464 0.48529127 0.2455243
3778.3848 1.1224984 1.0110961 0.48782083 0.25713724
3781.961 0.99821645 1.0084543 0.65117586 0.2565134
3785.537 0.844829 0.76295656 0.7087684 0.25415432
3789.113 1.0507631 1.0485152 0.37042457 0.24889375
3792.6892 0.460119 0.48565102 0.4633562 0.23364803
3796.2654 1.3066993 1.266555 0.5804707 0.26341617
3799.8413 1.2761751 1.2170975 0.59735316 0.26292694
3803.4175 1.2200239 1.2372309 0.6440682 0.26169437
3806.9937 1.0476329 0.9963596 0.66277117 0.2574171
3810.5696 1.0836146 0.99973714 0.6946465 0.25979352
3814.1458 1.439994 1.4627091 0.545883 0.26530012
3817.722 1.4357908 1.465485 0.55282664 0.26402014
3821.2979 1.5672507 1.4697043 0.68117154 0.27320325
3824.874 1.2932049 1.2294499 0.61569345 0.26440775
3828.4502 1.2118746 1.2176414 0.7008908 0.2626194
3832.0261 1.445458 1.4823782 0.6300061 0.2663686
3835.6023 1.1525786 1.162267 0.5504424 0.25645074
3839.1782 1.1741936 1.1523074 0.5993744 0.26005712
3842.7544 0.8698416 0.89914554 0.54684585 0.24806571
3846.3306 0.8809165 0.91202873 0.6103335 0.24987315
3849.9065 1.4707354 1.5549743 0.54841954 0.26621065
3853.4827 1.4017601 1.3897098 0.671551 0.2663539
3857.0588 1.5429517 1.4494036 0.6250199 0.2715272
3860.6348 1.403967 1.3517939 0.45379415 0.26438677
3864.211 1.1519495 1.1927917 0.56905717 0.2561165
3867.787 0.74929273 0.8087683 0.72409755 0.24834694
3871.363 0.96049255 1.042582 0.6144319 0.25296113
3874.9392 1.6460232 1.6171825 0.5505965 0.27086717
3878.5154 1.8519093 1.7186228 0.6619221 0.28118473
3882.0913 1.7131431 1.7448381 0.5462683 0.27151558
3885.6675 1.5843775 1.5447208 0.52740467 0.26916108
3889.2434 1.3125529 1.2311175 0.7366666 0.26748905
3892.8196 1.1416732 1.1688757 0.80293936 0.2628424
3896.3958 1.1319573 1.0886924 0.77090305 0.26396343
3899.9717 1.0776068 1.0821384 0.7882889 0.26251438
3903.5479 1.8114631 1.7807453 0.7624399 0.28063527
3907.124 2.097828 2.1144044 0.6665817 0.2836225
3910.7 1.6472013 1.6381946 0.7861026 0.27856833
3914.2761 1.494815 1.3952502 0.69404984 0.27243707
3917.8523 1.8680595 1.8354886 0.53238046 0.2783022
3921.4282 1.609187 1.6091365 0.56535566 0.2710404
3925.0044 1.8648965 1.7758815 0.5897977 0.2777287
3928.5806 1.4222357 1.257101 0.71109027 0.2710281
3932.1565 2.127889 2.1234002 0.6554322 0.2854515
3935.7327 2.1196172 2.0449405 0.74507934 0.28912112
3939.3088 1.3675466 1.3952796 0.59118843 0.2623074
3942.8848 2.1084723 2.0533257 0.7042982 0.2866654
3946.461 1.9893545 2.0115767 0.74029577 0.28316262
3950.0369 1.8934811 1.8829043 0.7528661 0.28441882
3953.613 1.9547138 1.9914579 0.61381596 0.27988583
3957.1892 2.3547525 2.2532005 0.35852975 0.28499818
3960.7651 2.0259001 1.9347057 0.66863555 0.2860023
3964.3413 2.0328872 1.8883313 0.52432466 0.28173795
3967.9175 2.3990502 2.3087811 0.5585006 0.29256222
3971.4934 2.8240433 2.7018845 0.5426199 0.3008912
3975.0696 2.0859342 2.2005005 0.5146622 0.28125393
3978.6458 1.9721946 2.1149611 0.70682776 0.28575423
3982.2217 2.3570604 2.371431 0.6468769 0.29135767
3985.7979 2.6357908 2.6040344 0.63920146 0.2983539
3989.374 2.9208353 2.8642664 0.85582215 0.31068122
3992.95 2.5932345 2.499957 0.819085 0.30304322
3996.5261 2.6392734 2.491021 0.85341734 0.30461535
4000.1023 2.188398 2.2560534 0.89884764 0.29139987
4003.6782 2.3743527 2.4288926 0.84061617 0.2964979
4007.2544 2.449816 2.376685 0.9000099 0.2989411
4010.8303 1.9513632 1.9090247 0.8670503 0.2858755
4014.4065 2.5244863 2.417643 0.73340523 0.29886562
4017.9827 2.4154878 2.33151 0.91243845 0.29788396
4021.5586 2.6373851 2.4403677 0.7622541 0.30307743
4025.1348 2.6050625 2.5878367 0.8088026 0.30211702
4028.711 2.6055887 2.7658095 0.9628018 0.30286816
4032.2869 2.7255645 2.716629 0.83021396 0.30370098
4035.863 2.4127002 2.3432121 0.69451755 0.2937815
4039.4392 2.9171877 2.855218 0.7284574 0.30681956
4043.0151 2.3452506 2.2501256 0.8910857 0.29644665
4046.5913 2.5409312 2.4351962 0.9662359 0.3035225
4050.1675 2.68728 2.6441948 1.0189887 0.30621722
4053.7434 2.8698702 2.8313687 0.8279083 0.30730525
4057.3196 3.1495523 3.0168226 0.86714673 0.31661585
4060.8958 3.5979488 3.5210495 0.8785128 0.32467818
4064.4717 2.8939595 2.8309264 1.2039765 0.3173455
4068.0479 3.6043334 3.5288794 0.9326061 0.32826543
4071.6238 3.4588861 3.3081121 0.894958 0.3243975
4075.2 2.5551047 2.4827323 1.0316203 0.30540958
4078.7761 2.9415362 2.8123643 0.9628944 0.3124959
4082.352 4.453788 4.2185125 0.8863971 0.34602743
4085.9282 3.976162 3.7461252 1.0521157 0.33951285
4089.5044 3.997841 3.8851266 0.9769351 0.3375659
4093.0803 3.488343 3.4057982 0.8922578 0.32369056
4096.6562 4.0736094 3.8701382 1.1150948 0.3421787
4100.2324 4.591635 4.6062965 1.0008297 0.35051006
4103.8086 4.856822 4.6700516 0.7878371 0.3516714
4107.385 3.9805968 3.8649802 0.9869004 0.33615437
4110.961 3.6906607 3.6911242 0.9423519 0.32961002
4114.537 4.117941 4.203588 0.9398651 0.33526576
4118.113 4.986846 4.897743 0.78572685 0.3550256
4121.689 3.8001885 3.822516 0.8273873 0.3279718
4125.265 3.5366302 3.4201064 0.986956 0.32673422
4128.8413 3.834973 3.7405486 1.0677418 0.33535638
4132.4175 5.561413 5.354692 0.93119353 0.36854362
4135.9937 6.758571 6.543722 1.0080419 0.3925761
4139.5693 7.107897 6.945139 1.1562129 0.39977226
4143.1455 6.65438 6.4967647 0.86672795 0.38707727
4146.7217 6.864742 6.6106915 0.98536474 0.39394632
4150.298 5.439351 5.2596493 1.1549808 0.36934564
4153.874 6.193573 6.01671 0.7648407 0.37680122
4157.4497 7.1729074 6.925093 0.91032845 0.39842325
4161.026 7.329377 6.9924703 0.8597801 0.40238786
4164.602 8.215089 7.9138126 1.0537977 0.41996604
4168.178 8.351342 8.036099 1.0037313 0.419948
4171.7544 8.57475 8.336403 0.9365202 0.42389733
4175.3306 8.11692 7.7478056 1.0535569 0.41833347
4178.9062 7.6572027 7.4829407 1.2030487 0.41128263
4182.4824 7.0244694 6.693322 0.873803 0.39535734
4186.0586 5.964043 5.7925982 0.89165545 0.3750916
4189.635 4.0438247 3.9243484 1.0376287 0.33961275
4193.211 3.8789701 3.783946 1.0017682 0.33611602
4196.787 4.2374587 4.0369368 0.8426613 0.33979967
4200.363 3.393321 3.3315668 1.0589503 0.32390204
4203.939 5.006892 4.885668 0.7649378 0.35270694
4207.515 5.9015994 5.7618527 0.91649866 0.37509164
4211.0913 6.216943 5.99516 1.0297205 0.3849259
4214.6675 6.7852516 6.555249 0.95974535 0.392213
4218.243 6.307133 6.1004515 0.9862984 0.38313693
4221.8193 7.1364613 6.9220304 1.0344875 0.39974445
4225.3955 6.938488 6.7018037 1.138537 0.3983717
4228.9717 6.8507013 6.598383 0.9871391 0.39461783
4232.548 7.2371764 6.9559474 0.8376585 0.39930642
4236.124 7.160607 6.9131045 1.076472 0.40169305
4239.6997 6.8359823 6.5433874 0.92761976 0.39315137
4243.276 7.358396 7.0796075 0.89333874 0.4016689
4246.852 7.0680823 6.807104 0.91964 0.39764228
4250.428 7.1746597 6.9097524 1.0056801 0.40024108
4254.0044 6.9906607 6.880434 0.89235497 0.39275667
4257.5806 6.583328 6.3785124 0.9592162 0.3876315
4261.1562 7.0246015 6.7718234 1.0175605 0.3963787
4264.7324 5.7635894 5.5065236 0.9761229 0.373758
4268.3086 5.284126 5.0956044 0.90662843 0.36262414
4271.885 5.0613894 4.917949 1.0549759 0.35937214
4275.461 5.255177 4.9461966 0.9549658 0.36406067
4279.0366 4.9726005 4.8574915 0.95703596 0.35519132
4282.613 5.693172 5.4426527 1.0951777 0.37430534
4286.189 5.627993 5.4817305 0.96244645 0.37081194
4289.765 5.8478723 5.6468825 1.0335649 0.37614042
4293.3413 5.193909 5.0687084 1.0522559 0.36229068
4296.9175 5.0553665 4.901771 0.8326127 0.35521585
4300.493 5.152427 4.9827566 0.9609737 0.36002758
4304.0693 5.210606 5.0669293 1.1124296 0.36360437
4307.6455 5.206724 5.15643 0.8599339 0.35919648
4311.2217 5.1566606 4.8960285 1.0076483 0.36149132
4314.798 5.4520836 5.378851 0.77989 0.36107066
4318.374 5.224155 5.122301 0.9707915 0.36167955
4321.9497 5.3180246 5.1559668 0.915409 0.3630643
4325.526 4.797124 4.601303 0.8909762 0.35173738
4329.102 5.1858172 4.927431 1.007305 0.36168176
4332.678 5.165584 5.0318365 1.058169 0.36119536
4336.2544 5.211511 4.981213 1.1350725 0.3646979
4339.83 5.043418 4.908781 1.1398394 0.359494
4343.4062 4.6491575 4.5245147 1.0720382 0.35077712
4346.9824 5.0988836 5.0685687 1.155121 0.35964087
4350.5586 4.9562116 4.7767444 0.95689636 0.35495302
4354.135 4.6815295 4.482369 1.0963902 0.3531615
4357.711 4.472117 4.380672 1.094595 0.34649527
4361.2866 4.920895 4.8815846 1.1762818 0.35715923
4364.863 5.233189 5.360397 1.1932446 0.36259028
4368.439 4.32244 4.167449 1.3740144 0.3487021
4372.015 4.2694836 4.272904 1.2450441 0.34410027
4375.5913 4.247245 4.3068275 1.2703074 0.34420806
4379.1675 4.653384 4.480524 1.0914009 0.3519479
4382.743 4.2717657 4.205636 1.075676 0.34273925
4386.3193 4.2391825 4.048313 1.0313183 0.34187704
4389.8955 3.5847638 3.6427894 1.1259886 0.32621625
4393.4717 4.312821 4.165808 1.1025414 0.34363395
4397.048 3.9642627 3.8539627 1.3919297 0.34152883
4400.6235 4.7554646 4.6510797 0.9528501 0.3489533
4404.1997 4.2476735 4.125328 1.1796527 0.34414336
4407.776 4.57456 4.366567 1.0550659 0.35000935
4411.352 4.8392053 4.773135 1.042481 0.35267845
4414.928 4.8281264 4.7062807 1.0907811 0.35326
4418.5044 4.6941195 4.5883703 1.0817647 0.35100576
4422.08 4.63033 4.494902 1.4518285 0.35654697
4425.6562 4.975046 4.843022 1.2480745 0.35990214
4429.2324 4.5275908 4.479136 1.301062 0.3512371
4432.8086 4.6342382 4.435348 1.3465296 0.35593367
4436.385 4.8423114 4.650259 1.1418813 0.35641372
4439.961 5.0999312 4.972533 1.2199588 0.36174193
4443.5366 4.8754025 4.7075906 1.410923 0.361571
4447.113 4.776907 4.665363 1.3027935 0.35787752
4450.689 4.772127 4.684919 1.3846993 0.35828105
4454.265 4.8078394 4.6211567 1.3369322 0.35943937
4457.8413 4.6384344 4.672033 1.52937 0.35632107
4461.417 4.697433 4.6159024 1.2727014 0.35535288
4464.993 5.107788 5.0012507 1.2738016 0.3629298
4468.5693 5.571157 5.413462 1.3086934 0.3723669
4472.1455 5.870134 5.754978 1.1655844 0.37642628
4475.7217 5.335145 5.1140203 1.2243083 0.36788574
4479.298 5.3037868 5.237187 1.2862924 0.36581096
4482.8735 4.9951563 4.895498 1.2265375 0.3589097
4486.4497 5.2746353 5.10298 1.2566684 0.3655391
4490.026 4.2969255 4.142373 1.5836827 0.3514499
4493.602 5.114496 5.047743 1.2288374 0.36337486
4497.178 5.519974 5.4260387 1.2687657 0.3710273
4500.7544 5.7176194 5.620567 1.2319014 0.37279648
4504.33 5.4395194 5.2905955 1.3993144 0.37272695
4507.9062 5.0854573 4.9561334 1.1221094 0.36043307
4511.4824 5.0453625 4.913089 1.2514368 0.36177325
4515.0586 4.872327 4.766593 1.230059 0.3564836
4518.635 4.9172506 4.862573 1.3661077 0.36022836
4522.2104 4.8921824 4.7182956 1.3893719 0.36089262
4525.7866 5.202871 5.1133738 1.4011095 0.36654913
4529.363 5.399409 5.260045 1.2501832 0.36814702
4532.939 4.96889 4.813265 1.3009515 0.36233315
4536.515 4.5457788 4.315392 1.3196671 0.35390806
4540.0913 5.3444796 5.2301273 1.3395422 0.3678418
4543.667 4.4636407 4.345384 1.3936982 0.35164398
4547.243 5.2535415 5.099396 1.3425941 0.36692742
4550.8193 5.7099404 5.647487 1.3227133 0.37458906
4554.3955 4.975002 4.829811 1.1560601 0.35966524
4557.9717 5.521633 5.3248725 1.1082951 0.36849535
4561.548 5.190901 4.9706473 1.4960233 0.3694604
4565.1235 5.4934783 5.4135 1.2894477 0.36979482
4568.6997 5.171385 4.97799 1.2436585 0.36367145
4572.276 5.0498366 4.9461875 1.238846 0.36174783
4575.852 5.3472986 5.222015 1.0496923 0.36453134
4579.428 4.767613 4.693801 1.4664534 0.35996625
4583.004 5.533185 5.2865596 1.4573256 0.3755318
4586.58 5.5576687 5.514045 1.372282 0.37154177
4590.1562 5.782421 5.752123 1.2615664 0.3744666
4593.7324 5.567281 5.3949447 1.309412 0.37394798
4597.3086 5.2928104 5.215416 1.3652221 0.36778447
4600.885 5.4026246 5.3487444 1.1676673 0.36577585
4604.4604 5.219071 5.022735 1.2166963 0.36416942
4608.0366 5.2935495 5.17095 1.358433 0.36640692
4611.613 5.1057935 4.89963 1.3789583 0.3647803
4615.189 4.5446396 4.5037975 1.3634423 0.35202855
4618.765 5.423183 5.2436786 1.2765161 0.36970225
4622.3413 5.4475846 5.266688 1.2348307 0.36859927
4625.917 5.064057 4.988678 1.2430942 0.3606349
4629.493 5.249508 5.0804925 1.4478127 0.3697044
4633.0693 5.502762 5.3177657 1.3654464 0.37310094
4636.6455 5.168085 5.0859 1.3645097 0.36661312
4640.2217 5.2759223 5.150796 1.4583635 0.36970893
4643.7974 5.426147 5.339571 1.3148409 0.36846837
4647.3735 5.4019585 5.3535886 1.2364905 0.36753124
4650.9497 5.7475867 5.582025 1.0974103 0.37236294
4654.526 5.0810804 4.91185 1.4048867 0.36467263
4658.102 5.4805984 5.4361424 1.3921267 0.3712768
4661.678 5.3548207 5.234804 1.2616342 0.36709875
4665.254 5.78424 5.583862 1.3377105 0.3767165
4668.83 5.585914 5.317399 1.4922824 0.37763587
4672.4062 5.352168 5.107234 1.5031279 0.37331265
4675.9824 5.2306957 5.1564846 1.471588 0.3685726
4679.5586 4.8948245 4.6968646 1.4397225 0.3614472
4683.135 4.9603386 4.8053412 1.3774933 0.36147815
4686.7104 6.2641773 6.13319 1.3859037 0.3865274
4690.2866 6.165909 5.952418 1.286951 0.38344142
4693.863 5.574043 5.4433274 1.4781779 0.37624666
4697.439 6.154213 6.0305357 1.3545094 0.383443
4701.015 5.8918886 5.7544985 1.2288305 0.37624925
4704.591 5.8190875 5.7698135 1.2458429 0.37484714
4708.167 6.222309 6.0648737 1.4366432 0.38617706
4711.743 6.011235 5.6585717 1.3402328 0.3838114
4715.3193 6.356701 6.268474 1.3621527 0.38845098
4718.8955 6.4769745 6.298856 1.182666 0.38745546
4722.4717 6.067402 6.0084414 1.2254499 0.3791152
4726.0474 5.8367925 5.7607 1.4531087 0.3788736
4729.6235 6.363189 6.1881533 1.3723781 0.38943073
4733.1997 6.7370934 6.620122 1.2493913 0.3929417
4736.776 6.4882894 6.2184877 1.1528561 0.38783342
4740.352 6.1152005 5.8565516 1.4659798 0.38632044
4743.928 6.6319585 6.4857965 1.2516872 0.39045393
4747.504 6.451 6.329413 1.2100425 0.38674915
4751.08 6.3758473 6.1846786 1.4055243 0.38988066
4754.6562 6.6501436 6.4345746 1.4284506 0.39472273
4758.2324 6.2377696 5.934275 1.4114434 0.38879126
4761.8086 6.990833 6.7470775 1.3308899 0.40051165
4765.3843 7.0797224 6.8918447 1.3273089 0.40056542
4768.9604 6.452341 6.254872 1.3190168 0.38881648
4772.5366 6.4441776 6.220598 1.146022 0.38637772
4776.113 7.3299212 7.0285225 1.3046325 0.40601924
4779.689 6.5251284 6.426148 1.508963 0.39584824
4783.265 7.1512413 6.953851 1.3416922 0.40226397
4786.841 6.7485456 6.557992 1.2491007 0.39336666
4790.417 6.542772 6.3486185 1.3730015 0.3921142
4793.993 7.1187835 7.1109824 1.2523307 0.39922532
4797.5693 6.5044627 6.3065124 1.3160607 0.39110842
4801.1455 7.460932 7.2704225 1.2031865 0.40554598
4804.721 7.2552 7.077235 1.140832 0.39993092
4808.2974 5.674534 5.5569596 1.3188754 0.37546787
4811.8735 6.820569 6.619944 1.3544576 0.39655632
4815.4497 6.6763973 6.448549 1.2614983 0.39360845
4819.026 7.0402484 6.806847 1.2073253 0.3975948
4822.602 5.5197115 5.3176193 1.364081 0.37486976
4826.1777 5.9832067 5.8626018 1.4254764 0.38088894
4829.754 5.9230356 5.6175637 1.2022893 0.378764
4833.33 5.8446517 5.641106 1.381557 0.37908423
4836.9062 6.0821133 5.9604177 1.2633746 0.38053438
4840.4824 6.2226696 6.044973 1.2975239 0.38423622
4844.0586 6.4146285 6.1862693 1.1074951 0.38566825
4847.6343 5.880306 5.630585 1.2108302 0.37733918
4851.2104 6.42378 6.2398624 1.2128346 0.38669547
4854.7866 5.636233 5.4296627 1.3527207 0.3751533
4858.363 5.7464104 5.5205307 1.1767107 0.37402204
4861.939 6.020416 5.883787 1.2066326 0.3779844
4865.5146 5.106715 5.067497 1.2623434 0.36140117
4869.091 6.0773573 5.8749332 1.115049 0.37892517
4872.667 5.6901164 5.5136895 1.1610545 0.37252742
4876.243 5.72866 5.599807 1.1637684 0.37179482
4879.8193 5.832042 5.7221823 1.215208 0.37384784
4883.3955 5.8542604 5.7602806 1.311031 0.37837148
4886.971 5.285311 5.1207666 1.4847738 0.37014386
4890.5474 5.5978484 5.3577495 1.3347168 0.37301084
4894.1235 5.944073 5.765293 1.2720771 0.37763765
4897.6997 5.9637585 5.733966 1.2767216 0.3804931
4901.276 5.588705 5.4220185 1.2450246 0.37269297
4904.852 5.5924926 5.4156475 1.3235154 0.37436467
4908.4277 6.439445 6.1508117 1.3496946 0.39181498
4912.004 6.111557 6.03773 1.2661464 0.3811061
4915.58 6.13593 5.996886 1.1856176 0.3799535
4919.1562 6.334876 6.1866755 1.0201417 0.381231
4922.7324 6.1543627 5.899309 1.1734557 0.38290447
4926.308 6.05435 5.7982683 1.3106163 0.38320664
4929.8843 5.8433566 5.7559624 1.2087396 0.37470728
4933.4604 5.508066 5.414958 1.1742318 0.36778226
4937.0366 5.7042646 5.6538434 1.290889 0.3729258
4940.613 5.9319367 5.7572255 1.505828 0.38198426
4944.189 5.966518 5.9004817 1.2779479 0.3787745
4947.7646 5.991815 5.8593097 1.0927813 0.37640172
4951.341 5.789058 5.7389708 1.2422719 0.3745301
4954.917 6.0182614 5.925415 1.2950222 0.38031077
4958.493 6.21301 6.0455265 1.2375243 0.38394418
4962.0693 5.3639526 5.380828 1.1056974 0.36270967
4965.6455 5.0764127 4.94708 1.3122017 0.36214492
4969.221 5.8028984 5.6768374 1.3801547 0.37689006
4972.7974 6.5597286 6.4167185 1.1307716 0.38665453
4976.3735 5.8206377 5.5903573 1.0878232 0.3732166
4979.9497 6.293003 6.0601034 1.3265165 0.38648757
4983.526 5.700635 5.5138464 1.2653787 0.37357172
4987.1016 6.0955086 5.897942 1.3076888 0.38257614
4990.6777 5.6029606 5.4449573 1.4354236 0.37402532
4994.254 5.7765403 5.5786967 1.434207 0.37900174
4997.83 6.510537 6.330147 1.1494457 0.38684478
5001.4062 6.372474 6.2636743 1.2661133 0.38643408
5004.9824 6.5117464 6.3295903 1.2287625 0.38928884
5008.558 5.8274074 5.754762 1.1427804 0.37328762
5012.1343 5.4487214 5.300435 1.0862311 0.36522543
5015.7104 5.835044 5.6364903 1.3273735 0.37821385
5019.2866 6.2067075 6.0307603 1.3851972 0.38425612
5022.863 6.5657215 6.5330534 1.1088849 0.38658878
5026.439 5.2939157 5.2692604 1.2529569 0.36407796
5030.0146 6.5061193 6.2732425 1.1513597 0.38890702
5033.591 6.022162 5.933903 1.1656421 0.37747124
5037.167 5.9117756 5.711304 1.3513281 0.38049215
5040.743 5.528278 5.3420386 1.1469102 0.36845714
5044.3193 5.9993854 5.8939176 1.2042023 0.37829283
5047.895 5.8131695 5.653416 1.1556138 0.37389424
5051.471 6.136016 5.933484 1.223999 0.380824
5055.0474 6.204817 6.024814 1.2058192 0.38287693
5058.6235 6.0982723 5.9476857 1.100447 0.3800391
5062.1997 6.372995 6.1848164 0.95585734 0.38091686
5065.776 6.501194 6.314798 1.2120584 0.38820082
5069.3516 6.2571564 6.0382295 1.2609324 0.38621074
5072.9277 5.693855 5.534521 1.2552505 0.37297863
5076.504 6.4022503 6.239781 1.1436845 0.38403824
5080.08 5.6906066 5.587642 1.2134111 0.37219274
5083.6562 6.3197913 6.225689 1.1036489 0.38218033
5087.2324 6.406387 6.290812 1.3552829 0.38846394
5090.808 6.2390475 6.1068444 0.990797 0.3794531
5094.3843 6.0673733 6.0397205 1.1136837 0.37710246
5097.9604 6.3758693 6.2376404 1.2209233 0.385055
5101.5366 6.671321 6.5667915 1.123075 0.3888356
5105.113 5.799828 5.7903223 1.3739995 0.37533247
5108.6885 6.145957 6.015876 1.2258608 0.38016135
5112.2646 6.0945425 5.906774 1.0400995 0.37796563
5115.841 6.0970106 5.918163 1.1724178 0.3808515
5119.417 6.3962145 6.201628 1.1840023 0.38612425
5122.993 6.2595677 6.010289 1.3123976 0.38678834
5126.5693 6.393559 6.193559 1.2114826 0.38635164
5130.145 6.739031 6.5104227 1.1824286 0.39192083
5133.721 6.034964 5.902264 1.2336035 0.37992156
5137.2974 6.5561953 6.4690123 1.2948732 0.3895493
5140.8735 7.0188246 6.79678 1.2203425 0.3979559
5144.4497 5.9374113 5.8335085 1.1669587 0.37485695
5148.026 5.778435 5.5338235 1.3467419 0.37732413
5151.6016 5.7772107 5.6616044 1.4921329 0.37879917
5155.1777 7.0029655 6.8634267 1.1111132 0.39475548
5158.754 5.984123 5.8129106 1.2565892 0.37973765
5162.33 6.7725973 6.6134067 0.9996729 0.38951483
5165.9062 6.6406975 6.450803 1.2428198 0.39115053
5169.482 6.7059793 6.5205994 1.0707341 0.3911512
5173.058 6.7397532 6.5427938 1.0297563 0.39115596
5176.6343 7.302853 6.9825635 0.9448479 0.4004635
5180.2104 7.35423 7.0545306 1.2265029 0.40675676
5183.7866 7.233062 7.0608215 1.196314 0.40106338
5187.363 6.801987 6.6633725 1.159975 0.39295092
5190.9385 6.8349657 6.650921 1.1921148 0.39369693
5194.5146 7.5983458 7.3074756 1.4024445 0.4117703
5198.091 7.491844 7.225962 1.314539 0.40938333
5201.667 7.829281 7.617666 1.1386039 0.4115794
5205.243 7.63157 7.551437 1.1878345 0.40684262
5208.8193 8.047942 7.7615933 1.3765347 0.41957054
5212.395 7.7172027 7.559425 1.2026172 0.40894836
5215.971 8.483286 8.200003 1.3868299 0.4260659
5219.5474 8.097204 7.967221 1.2217071 0.4158486
5223.1235 8.1392355 7.8426175 1.3064659 0.42104325
5226.6997 6.9531455 6.667241 1.3981321 0.40128362
5230.2754 8.902882 8.565522 1.3080235 0.43300545
5233.8516 8.5449 8.319348 1.1769024 0.4234049
5237.4277 9.006268 8.744103 1.1387616 0.4309737
5241.004 8.71906 8.418936 1.3246938 0.42964512
5244.58 8.544489 8.312882 1.2431469 0.42510477
5248.1562 8.944588 8.89744 1.2240338 0.43050832
5251.732 9.806986 9.412261 1.3911328 0.44901866
5255.308 9.486147 9.286017 1.0739582 0.43725175
5258.8843 9.813843 9.684287 1.059491 0.44212338
5262.4604 9.646949 9.325243 1.2322206 0.4455525
5266.0366 9.710172 9.432833 1.1696804 0.44470057
5269.613 10.14797 9.839892 1.1731768 0.44985884
5273.1885 10.0654335 9.813889 1.1381956 0.44965145
5276.7646 10.01211 9.763392 1.266124 0.4496782
5280.341 10.604523 10.216624 1.137157 0.45716304
5283.917 10.340558 10.160256 1.1190175 0.45115608
5287.493 9.85484 9.594326 1.2177054 0.4454692
5291.069 9.152372 8.911936 1.2768633 0.43621686
5294.645 9.747818 9.402255 1.3432552 0.44729087
5298.221 9.16548 8.909761 1.302005 0.4353146
5301.7974 8.200711 7.960789 1.4345621 0.42216197
5305.3735 7.8273573 7.6925974 1.5199968 0.41559786
5308.9497 8.856714 8.512987 1.4364569 0.43523166
5312.5254 8.202577 7.9941435 1.2102312 0.41860005
5316.1016 8.11824 8.130509 1.1268165 0.41508067
5319.6777 8.088254 7.8934364 1.342895 0.4189671
5323.254 8.329142 8.173225 1.0776526 0.41830796
5326.83 8.414636 8.153118 1.3534784 0.42503533
5330.4062 7.260008 7.0477304 1.443205 0.40609646
5333.982 7.353826 7.1756573 1.371908 0.40677884
5337.558 8.00123 7.822576 1.1514331 0.41353062
5341.1343 7.850169 7.664758 1.2837679 0.41325128
5344.7104 7.124721 6.903455 1.3150516 0.40154848
5348.2866 7.127097 6.9781938 1.1896186 0.39916438
5351.8623 6.9620624 6.77839 1.2218229 0.3960384
5355.4385 6.3102784 6.0363708 1.1439463 0.38437068
5359.0146 7.1329074 6.8929596 1.1164485 0.39793986
5362.591 7.2725863 7.0803394 1.122942 0.40021098
5366.167 6.394183 6.1923084 1.2381543 0.38652617
5369.743 7.5645127 7.288404 1.0748128 0.40560997
5373.319 6.9528623 6.9131203 1.1783881 0.39375722
5376.895 6.460868 6.2251315 1.2956882 0.3896349
5380.471 6.90211 6.655959 1.3223208 0.39743355
5384.0474 6.881054 6.671875 1.2490349 0.39626464
5387.6235 6.645823 6.5653934 1.2249686 0.39134124
5391.1997 7.2985325 7.206852 1.1158868 0.40118536
5394.7754 6.1371017 6.0087323 1.2359775 0.38203412
5398.3516 6.2739043 6.086291 1.065237 0.38102636
5401.9277 6.748089 6.4843454 1.0778874 0.39104638
5405.504 6.7429 6.6420264 1.0351694 0.38881978
5409.08 6.2100687 5.96381 1.3616797 0.38550037
5412.656 6.30887 6.20889 1.0459132 0.37993723
5416.232 6.8067007 6.601591 1.0114713 0.38987133
5419.808 6.0150795 5.8416862 1.2238706 0.37998134
5423.3843 6.5897903 6.38998 1.2217556 0.39040843
5426.9604 6.842379 6.628242 1.1802187 0.39400706
5430.5366 7.080422 6.8238173 1.131968 0.39819688
5434.1123 6.884614 6.608084 1.0564166 0.39349532
5437.6885 6.873058 6.6661577 1.2963029 0.39772475
5441.2646 6.0317187 6.0977917 1.2162468 0.37620357
5444.841 6.5331364 6.433935 1.318794 0.38845703
5448.417 6.549381 6.406069 1.1250362 0.38714692
5451.993 6.801644 6.6700845 1.1438749 0.39225188
5455.569 6.7356944 6.5705028 1.1571975 0.39031962
5459.145 7.0091476 6.92833 1.1474771 0.3954257
5462.721 6.334586 6.1471157 1.5481707 0.39143646
5466.2974 6.952994 6.8331666 1.2963688 0.39677605
5469.8735 6.6896005 6.555879 1.2319769 0.39092216
5473.449 6.500282 6.3877435 1.0385377 0.38458538
5477.0254 7.0965347 6.886668 1.1149645 0.3978843
5480.6016 7.1274333 6.9839125 1.1105466 0.3968035
5484.1777 6.4938903 6.4657784 1.2339388 0.38758576
5487.754 6.5491815 6.363514 1.2578641 0.389622
5491.33 6.603621 6.4405603 1.3736086 0.39330223
5494.906 6.4303207 6.352624 1.2263174 0.3871711
5498.482 6.543808 6.4443417 1.277662 0.39031726
5502.058 7.0039988 6.7996316 1.4778339 0.40215203
5505.6343 6.9905443 6.825787 1.21555 0.39707202
5509.2104 6.7672796 6.5994153 1.2158501 0.39234596
5512.786 6.3363137 6.2013783 1.2073654 0.3850462
5516.3623 6.6840363 6.6350026 1.1674105 0.3891167
5519.9385 6.4314866 6.2407823 1.300123 0.38845316
5523.5146 6.351327 6.149486 1.3721544 0.3883963
5527.091 7.0363574 6.895204 1.0457363 0.39383614
5530.667 7.359562 7.2803416 1.1181598 0.4022882
5534.2427 6.6093154 6.559162 1.3836328 0.3921802
5537.819 6.203395 6.09163 1.1943218 0.38171706
5541.395 7.0184994 6.8067894 1.0497706 0.3954361
5544.971 6.3192596 6.106563 1.2871548 0.38620582
5548.5474 6.71901 6.525711 1.2304556 0.39282393
5552.1235 6.5042787 6.3964033 1.1409228 0.38683328
5555.699 6.9333735 6.6671906 1.0916493 0.395526
5559.2754 6.755428 6.5215726 1.159229 0.3926928
5562.8516 6.372057 6.1590624 1.1917821 0.3862477
5566.4277 6.6873946 6.573054 2.543497 0.4102849
5570.004 6.2233853 5.942028 3.5128484 0.41784734
5573.5796 6.956621 6.6924167 3.7242746 0.43448386
5577.156 6.3532543 6.3148527 3.8503425 0.42233342
5580.732 6.416346 6.4260144 3.3475544 0.41583785
5584.308 6.539245 6.3005786 2.1980014 0.40354028
5587.8843 6.1169257 5.921516 1.1535395 0.38103327
5591.4604 6.298445 6.271911 1.0657976 0.37981752
5595.036 6.4021435 6.205729 1.1684071 0.384999
5598.6123 6.2313886 6.05369 1.0359619 0.38006267
5602.1885 6.681589 6.4105434 1.2433608 0.3928308
5605.7646 5.6622124 5.5077357 1.0946903 0.37018695
5609.341 6.457329 6.323734 1.1060251 0.38448712
5612.917 6.5645013 6.266793 1.3082521 0.3924069
5616.4927 6.448188 6.2785616 1.0941575 0.3847069
5620.069 6.612787 6.4862366 1.2741053 0.3889704
5623.645 6.931684 6.6997805 1.3231908 0.39674428
5627.221 7.402824 7.235342 1.1032712 0.40237918
5630.7974 6.491296 6.4252396 1.1053821 0.38648495
5634.373 6.5501485 6.3794284 1.022592 0.38579124
5637.949 7.4038277 7.139402 1.1179956 0.40323094
5641.5254 6.389613 6.221607 1.1284869 0.38484997
5645.1016 6.0989733 5.9552655 1.2804971 0.38144314
5648.6777 6.8023715 6.584512 1.2819508 0.3951124
5652.254 6.109903 5.9393635 1.118511 0.37862197
5655.8296 6.8517623 6.6293683 1.0877497 0.3951617
5659.406 6.158756 6.1928477 1.09856 0.37744984
5662.982 5.9783583 5.829244 1.2576146 0.3787077
5666.558 6.3644953 6.215235 1.1833174 0.38455948
5670.1343 6.2527494 6.1020074 1.2672503 0.38371187
5673.7104 6.493915 6.167951 1.2565268 0.3900867
5677.286 6.3282557 6.0629487 1.1501833 0.38443738
5680.8623 6.3418756 6.076856 1.0854789 0.38402152
5684.4385 6.648431 6.4346433 1.2352449 0.39190757
5688.0146 6.442686 6.2245817 1.2711279 0.38877475
5691.591 5.982093 5.765458 1.2237343 0.3797583
5695.1665 6.47679 6.394739 1.1162399 0.3838811
5698.7427 6.8835077 6.7318707 1.2472693 0.3956277
5702.319 6.1371894 5.9149737 1.2924845 0.38315198
5705.895 5.790589 5.655311 1.210549 0.3734932
5709.471 5.929754 5.8441644 1.24315 0.37634778
5713.0474 5.679171 5.5076814 1.1585691 0.37192497
5716.623 5.9698696 5.8068457 1.0606954 0.37486067
5720.199 6.3119564 6.1291437 1.1443808 0.38348827
5723.7754 6.385908 6.1363935 1.0285906 0.38383645
5727.3516 6.507 6.272478 1.1838504 0.38769844
5730.9277 6.420856 6.2123666 1.2944504 0.38780946
5734.504 6.1018405 5.8626456 1.0411291 0.37870455
5738.0796 5.707843 5.4994917 0.9948009 0.37023768
5741.656 6.1662755 6.003311 1.0678897 0.3789102
5745.232 6.1467113 6.017674 1.0553992 0.37744588
5748.808 5.5818434 5.3834553 1.107755 0.3685695
5752.3843 5.83794 5.6214886 1.1246061 0.37467766
5755.96 6.0291834 5.884048 1.0710375 0.3764925
5759.536 5.866876 5.615029 1.1775919 0.37641358
5763.1123 5.961502 5.708219 1.0170821 0.37550086
5766.6885 6.145594 5.8577075 1.025108 0.38056916
5770.2646 6.3048005 6.078121 1.1055065 0.38474184
5773.841 5.499485 5.3542337 1.18 0.36803865
5777.4165 5.9141536 5.7461677 1.2274377 0.37669554
5780.9927 6.1845098 6.106474 1.1867694 0.3804848
5784.569 5.6391783 5.602353 0.9977144 0.36765334
5788.145 5.849343 5.69249 0.9956841 0.3730086
5791.721 6.1693945 5.9855785 1.1404798 0.3815051
5795.2974 5.609262 5.4425297 1.083289 0.36853832
5798.873 5.6644797 5.48096 1.0991678 0.37053367
5802.449 6.1017885 5.991595 1.1387585 0.37897974
5806.0254 6.454252 6.260492 1.1229361 0.38542157
5809.6016 6.1420717 5.948941 1.1170439 0.38023263
5813.1777 6.2376075 6.157872 1.1052728 0.38070324
5816.7534 5.9485607 5.7926917 1.0952986 0.37502968
5820.3296 6.1557026 5.9233418 1.1671348 0.38102016
5823.906 6.2585425 6.1286426 1.1807342 0.3832197
5827.482 5.8259997 5.7810116 1.1604584 0.37281144
5831.058 5.802336 5.5760775 1.1994083 0.3755468
5834.6343 5.8426933 5.5525923 1.2434887 0.37751904
5838.21 5.974271 5.7737813 1.2446831 0.37897658
5841.786 5.4932923 5.3538246 1.1687789 0.36711717
5845.3623 6.1031175 5.9670954 1.0978533 0.3795424
5848.9385 6.0875983 5.9741216 1.0775205 0.37786925
5852.5146 6.1836476 6.0837274 1.1101855 0.3790449
5856.091 5.470885 5.4444914 1.2593118 0.3683222
5859.6665 5.8451977 5.743579 1.1568694 0.37390786
5863.2427 6.1008697 5.988688 0.9979724 0.37642244
5866.819 6.000699 6.0425024 1.2470857 0.37759358
5870.395 5.9357276 5.9165215 1.3198198 0.37732193
5873.971 5.8854823 5.8090005 1.2141919 0.37583914
5877.547 6.0341134 5.9214697 1.1649708 0.3779922
5881.123 5.3710113 5.363695 1.5856494 0.3713935
5884.699 5.5359116 5.7084785 2.4201581 0.384962
5888.2754 5.847716 5.6850805 3.6145682 0.413825
5891.8516 5.435021 5.2661023 4.5331798 0.41893232
5895.4277 5.3072352 5.2685456 4.6418405 0.4154378
5899.0034 5.956348 5.8176155 3.8408122 0.41598433
5902.5796 6.191363 6.0664873 2.6102 0.40285346
5906.156 6.6345053 6.44842 1.8299022 0.40112972
5909.732 6.552594 6.3435783 1.3673599 0.3915925
5913.308 5.3727355 5.2775292 1.1767449 0.36405706
5916.8843 5.228376 5.080241 1.2583332 0.3643201
5920.46 5.791039 5.4868445 1.2398764 0.37670967
5924.036 5.4509835 5.2955627 1.2381688 0.3693839
5927.6123 5.457577 5.314697 1.190392 0.36832136
5931.1885 5.5776734 5.41492 1.318942 0.37210223
5934.7646 5.168565 5.0659137 1.1959555 0.3618961
5938.3403 5.0569553 4.947871 1.3310906 0.3619741
5941.9165 6.041366 5.972962 1.3879104 0.3815928
5945.4927 5.527824 5.4906335 1.1047878 0.3667374
5949.069 5.727363 5.5994463 1.1126963 0.3717992
5952.645 6.206447 5.995647 1.1670321 0.3831895
5956.221 6.62511 6.524992 1.227384 0.39013904
5959.797 6.2636805 6.1041613 1.3141049 0.38501114
5963.373 5.608729 5.3593483 1.2340854 0.37262285
5966.949 6.151459 5.876322 1.1642812 0.38169664
5970.5254 6.1734495 5.9397416 1.3713381 0.38489953
5974.1016 5.8996344 5.885713 1.3837166 0.37815738
5977.6777 5.544389 5.532377 1.1978915 0.3676651
5981.2534 6.21984 6.110467 0.9275073 0.37608582
5984.8296 6.0253897 5.794862 1.1641932 0.37879744
5988.406 6.1941066 5.9306 1.1020224 0.38123617
5991.982 5.8584857 5.781231 1.1384314 0.37413758
5995.558 5.9359245 5.7628765 1.18391 0.37768567
5999.134 5.307002 5.070892 1.2693374 0.36747515
6002.71 5.5651536 5.4674835 1.2208844 0.3707674
6006.286 5.633483 5.4912796 1.170191 0.37133762
6009.8623 6.087625 5.940245 1.0949521 0.37928694
6013.4385 5.8069754 5.652179 1.0811064 0.37299353
6017.0146 5.9000382 5.6650724 1.1533711 0.3764041
6020.5903 5.4298 5.3979855 1.0831715 0.36355773
6024.1665 5.6065736 5.5570555 1.2682762 0.37110996
6027.7427 5.9347916 5.7696238 1.2405392 0.37938392
6031.319 5.164648 5.076541 1.1376262 0.3606771
6034.895 5.2808547 5.0893264 1.0915203 0.36402467
6038.471 5.685468 5.480775 1.1456031 0.37286472
6042.047 5.7647834 5.4942765 1.0822519 0.3734492
6045.623 5.5000663 5.2839985 1.100019 0.36849064
6049.199 6.1272016 5.9096866 1.2651445 0.38317826
6052.7754 5.884678 5.707604 1.0564692 0.3741189
6056.3516 5.743148 5.5758533 1.0200869 0.37070477
6059.9272 5.508867 5.3035355 1.0913007 0.36803243
6063.5034 5.6761045 5.5776024 1.1183019 0.3712354
6067.0796 5.550606 5.3880377 1.105162 0.3691345
6070.656 5.310617 5.1178794 1.0537901 0.36336422
6074.232 6.2446356 6.1653733 1.0601661 0.38029695
6077.808 6.3445134 6.195578 1.0405836 0.3817161
6081.384 5.9436383 5.7231355 1.1833869 0.37749925
6084.96 6.099111 5.921684 1.2627469 0.38185227
6088.536 6.3846474 6.1612573 1.1547558 0.38614416
6092.1123 6.173999 5.9489856 1.0311183 0.3803686
6095.6885 5.7187314 5.502757 1.278021 0.3753798
6099.2646 5.7231874 5.5130916 1.3024209 0.37691548
6102.8403 5.9599185 5.809414 1.1913427 0.37763974
6106.4165 6.2164264 6.0731826 1.1018517 0.38115108
6109.9927 5.780485 5.6634665 1.0825958 0.37271288
6113.569 5.744591 5.5530066 1.2443589 0.37484574
6117.145 5.821 5.6495585 1.0441294 0.37280542
6120.7207 6.6240764 6.427906 1.0597576 0.3886633
6124.297 5.909956 5.6671844 1.2282864 0.37841007
6127.873 5.739521 5.513649 1.1350654 0.37412217
6131.449 6.1139355 5.9327183 1.1237589 0.38041532
6135.0254 5.531014 5.3434906 1.1560074 0.36920616
6138.6016 5.55282 5.4515257 1.12313 0.3687811
6142.1772 5.817427 5.7291164 1.1097288 0.3736218
6145.7534 5.8843904 5.6873817 1.0893183 0.37474126
6149.3296 5.666908 5.427609 1.1933377 0.37233913
6152.906 5.896198 5.750777 1.1267506 0.37430587
6156.482 6.114506 5.976027 1.1315142 0.38219455
6160.058 5.8778753 5.665623 1.3119514 0.3807863
6163.634 6.1501837 5.8873 1.072444 0.38071972
6167.21 6.225699 6.0215564 0.8987672 0.3788316
6170.786 6.0609765 5.853551 1.0449623 0.37873137
6174.3623 6.158425 5.974788 1.1146317 0.38209492
6177.9385 5.8707685 5.705807 1.1454376 0.37521484
6181.514 5.481217 5.254027 1.1201824 0.36913186
6185.0903 5.3302026 5.1486597 1.1789536 0.36621955
6188.6665 5.86468 5.7831955 1.0311506 0.3715386
6192.2427 6.154103 5.9803424 0.95868254 0.37795982
6195.819 5.7662325 5.45233 1.0830576 0.3752658
6199.395 5.676077 5.5510464 1.0382248 0.37058958
6202.9707 5.5927896 5.5068235 1.0958968 0.36845776
6206.547 6.1363616 5.9559484 0.96499974 0.3769593
6210.123 6.133998 5.9116373 0.997622 0.37844807
6213.699 5.368223 5.0772204 1.1835469 0.36911485
6217.2754 5.1975293 4.9577723 1.2512425 0.36715338
6220.8516 5.4739456 5.26651 1.0798392 0.3672808
6224.4272 6.3587584 6.1765995 0.92025363 0.38132465
6228.0034 6.328634 6.173314 1.1790742 0.3858495
6231.5796 5.9987674 5.762163 1.2346121 0.38138703
6235.156 5.709032 5.50807 1.3297005 0.37644058
6238.732 5.389009 5.3076744 1.2745967 0.36722305
6242.3076 5.695004 5.5152454 1.1106713 0.37276202
6245.884 5.74002 5.530675 1.2254668 0.3749574
6249.46 5.915527 5.7096424 1.1689703 0.37647367
6253.036 5.388651 5.2548685 1.1235278 0.36614642
6256.6123 5.349733 5.330691 1.1546447 0.36636066
6260.1885 5.38833 5.2106104 1.210175 0.36799145
6263.764 5.410246 5.2445025 1.1967357 0.36682856
6267.3403 5.866668 5.7618356 1.1703753 0.37499747
6270.9165 5.244126 5.0416875 1.3131948 0.36617482
6274.4927 5.135346 4.956972 1.164897 0.36109185
6278.069 5.103381 4.9629526 1.0522089 0.35925883
6281.6445 5.577449 5.352197 1.0826635 0.37154895
6285.2207 5.5272403 5.328002 1.0873685 0.36884862
6288.797 5.348352 5.2310944 1.1316745 0.36447552
6292.373 5.763974 5.6685085 1.1533642 0.37278214
6295.949 6.064574 5.939729 1.4381506 0.38411272
6299.5254 6.363415 6.2461505 1.5068309 0.39055356
6303.101 6.0906515 5.8495364 1.5387111 0.38684043
6306.6772 5.975375 5.8249416 1.5118648 0.3824387
6310.2534 6.114171 5.9547343 1.6680671 0.3883518
6313.8296 5.8486366 5.6468716 1.4417787 0.38047826
6317.406 6.067596 5.9184933 1.0487865 0.37900996
6320.982 6.2318277 6.068569 0.96985275 0.3799117
6324.5576 5.762941 5.594204 0.9659756 0.37096757
6328.134 6.106676 5.9396453 1.149334 0.38229606
6331.71 6.130131 5.941302 1.2274064 0.38265228
6335.286 5.5251393 5.4333673 1.181734 0.36903432
6338.8623 5.9768043 5.9909663 1.0639446 0.37367794
6342.438 6.286508 6.091654 1.0103048 0.3811761
6346.014 5.9345746 5.670431 0.92178446 0.37435699
6349.5903 6.020492 5.791692 0.96583855 0.37741077
6353.1665 5.7855573 5.621754 1.0068978 0.3717225
6356.7427 5.594451 5.4405627 1.2221119 0.3728567
6360.319 5.4704275 5.369187 1.1682692 0.36969703
6363.8945 5.874916 5.694977 1.2942557 0.37800893
6367.4707 6.0849924 5.963325 1.1902093 0.37915283
6371.047 5.513425 5.4146156 1.1688789 0.36863092
6374.623 5.7624116 5.5362277 1.2970397 0.37715092
6378.199 6.1959324 5.984409 0.9654828 0.3788529
6381.7754 5.359901 5.227716 1.0517639 0.36403123
6385.351 5.9312096 5.757136 1.1054649 0.37755758
6388.9272 5.681196 5.5901117 1.0419528 0.3693087
6392.5034 5.9659386 5.818534 0.8204458 0.37133256
6396.0796 6.1951456 5.963344 1.0860286 0.38273218
6399.656 5.817835 5.6708417 0.91042936 0.37040037
6403.2314 5.871265 5.7544403 1.0795667 0.37360618
6406.8076 6.185472 6.0978093 1.1207262 0.38150272
6410.384 5.5984163 5.542743 0.91441375 0.3654083
6413.96 6.08109 5.874963 0.8883287 0.37605834
6417.536 6.72971 6.5200467 0.8956505 0.38728046
6421.1123 7.093775 6.852451 1.0551577 0.39819798
6424.688 6.2850986 6.2127223 1.0552263 0.3825538
6428.264 6.2586446 6.1527696 1.1350963 0.3823333
6431.8403 6.364624 6.1730604 0.9790784 0.38223356
6435.4165 6.4367137 6.292592 0.8495604 0.38143006
6438.9927 6.256334 5.971649 0.88530695 0.38166234
6442.569 7.0265665 6.739905 1.0377728 0.3969272
6446.1445 6.4862633 6.3250885 0.99643064 0.38525537
6449.7207 6.202629 6.0716424 0.9331143 0.37907416
6453.297 6.5634584 6.3741903 0.91840094 0.38452625
6456.873 6.52573 6.3280163 0.9261645 0.38574603
6460.449 6.295749 6.038415 1.0269678 0.38365912
6464.025 6.3174796 6.1234727 0.99962634 0.3828642
6467.601 6.5917306 6.2995234 1.0316476 0.3891662
6471.1772 6.149896 5.879607 1.1817074 0.38322517
6474.7534 6.829026 6.6402845 1.1241736 0.39584002
6478.3296 6.466213 6.3406606 1.2625977 0.38887733
6481.906 6.921824 6.7957945 1.1453309 0.3956202
6485.4814 7.106325 6.942906 0.9717058 0.39651075
6489.0576 7.2776365 6.995893 1.0270905 0.4011895
6492.634 6.5166755 6.3043637 1.1090829 0.38992283
6496.21 6.494894 6.2562127 1.2009325 0.3911463
6499.786 7.348706 7.07337 1.1423668 0.40377843
6503.3623 7.142675 6.924249 1.0650197 0.39786723
6506.938 6.9476285 6.716837 0.9193798 0.39292073
6510.514 7.1723495 6.8726783 1.0602695 0.4006432
6514.0903 6.9169035 6.6264024 1.2559286 0.39980888
6517.6665 7.1041484 7.0134077 0.91371953 0.3950054
6521.2427 7.1327343 6.906325 0.9523439 0.39706916
6524.8184 6.9046392 6.6860604 1.0221965 0.39551064
6528.3945 7.201617 6.8559017 1.0690291 0.4013906
6531.9707 7.2965775 7.072261 1.137497 0.4029791
6535.547 6.5716224 6.4105535 1.1120627 0.38866985
6539.123 6.5661445 6.3220305 1.1386462 0.39007705
6542.699 6.425722 6.22595 1.1352836 0.38788816
6546.275 6.206294 6.022938 1.0403811 0.38157204
6549.851 6.6018753 6.454756 0.83987576 0.38542056
6553.4272 6.4451146 6.324762 1.0135773 0.38562718
6557.0034 6.193239 5.9590764 1.1267254 0.38252437
6560.5796 6.4446516 6.1653304 1.1542494 0.38874903
6564.156 6.324385 6.1444964 1.0306897 0.38304862
6567.7314 6.3053665 6.142432 1.2185259 0.38695282
6571.3076 6.069761 5.943717 1.2482646 0.38191018
6574.884 5.5043187 5.406421 1.10962 0.3704592
6578.46 5.90229 5.668972 1.2250051 0.38061053
6582.036 6.5497675 6.329069 1.0329976 0.38782534
6585.612 6.29282 6.103299 0.9294494 0.38151237
6589.188 5.612266 5.497958 1.0779197 0.36979342
6592.764 5.344492 5.186952 0.88997966 0.36214548
6596.3403 6.504284 6.2647905 0.87174785 0.3848873
6599.9165 6.5934744 6.4132724 0.9271341 0.3864853
6603.4927 6.3553705 6.3091574 0.9182573 0.3804303
6607.0684 5.9324646 5.72831 0.9369121 0.3750522
6610.6445 6.276908 6.0018625 0.8644299 0.38065055
6614.2207 6.070857 5.9028926 1.0332597 0.3777718
6617.797 5.511162 5.4169297 0.9258628 0.36409312
6621.373 4.576465 4.4702587 0.9837977 0.34693697
6624.949 5.2069964 5.0111766 1.0676429 0.3619627
6628.525 6.029171 5.875906 0.9244272 0.3755565
6632.101 5.892848 5.7468243 0.89249855 0.37221676
6635.6772 5.561481 5.344426 1.0293934 0.36929467
6639.2534 4.991941 4.8591356 0.93667424 0.35450962
6642.8296 5.5899696 5.497745 0.8874156 0.36634678
6646.4053 5.8928986 5.6897955 0.8631157 0.37245208
6649.9814 5.5708566 5.4145317 0.82716924 0.364304
6653.5576 5.1166286 4.8555408 0.97054064 0.360444
6657.134 5.2991366 5.019904 1.1255085 0.36938864
6660.71 5.2340035 5.021601 0.983198 0.3613274
6664.286 5.0678945 4.9351225 0.9278547 0.3556762
6667.862 5.929883 5.685653 0.9449264 0.37472582
6671.438 5.1399765 4.9250064 0.9841533 0.35947388
6675.014 5.2650084 5.0853143 0.87851423 0.35945657
6678.5903 5.641807 5.5106697 1.0082703 0.3687898
6682.1665 5.3656487 5.1758456 1.124864 0.36698744
6685.7427 5.204937 5.0270553 0.94164985 0.35957506
6689.3184 4.856638 4.6707973 0.92771316 0.35341257
6692.8945 5.146726 4.921329 0.93897986 0.3599725
6696.4707 5.842133 5.6362643 0.8378024 0.37025273
6700.047 5.7604666 5.601418 0.9400528 0.37048355
6703.623 5.3368673 5.158733 1.0706712 0.36679086
6707.1987 4.533882 4.440694 1.0734826 0.3491294
6710.775 5.24448 5.1195307 1.0398406 0.3626808
6714.351 4.739582 4.633627 1.0262688 0.35011256
6717.9272 4.750093 4.540223 1.0908922 0.35342368
6721.5034 5.202276 5.011228 1.0682178 0.36287278
6725.0796 5.2593617 5.258854 0.9555359 0.36025158
6728.6553 5.168575 5.0566344 0.92071676 0.3592231
6732.2314 4.44539 4.243525 1.0436829 0.3476623
6735.8076 4.582193 4.550862 0.997567 0.34722036
6739.384 4.9865165 4.8666615 0.96522945 0.355947
6742.96 5.1264615 4.9778757 0.8407267 0.35570902
6746.536 5.0627623 4.888033 0.93094134 0.356849
6750.112 4.7889457 4.6752577 1.1287174 0.355735
6753.688 4.732049 4.5421844 0.96065485 0.35163182
6757.264 4.9820337 4.7185836 0.83633965 0.3541085
6760.8403 4.6625915 4.4773564 0.9694302 0.35005945
6764.4165 5.0068913 4.9710627 0.943673 0.35515487
6767.992 4.951808 4.847965 0.9886259 0.3560583
6771.5684 4.710339 4.5043845 0.83675003 0.3490045
6775.1445 4.9146867 4.733423 0.9168336 0.35362878
6778.7207 4.567386 4.3902473 0.90101635 0.3455542
6782.297 4.9276905 4.7223473 1.0657928 0.3559108
6785.873 5.6377864 5.460717 0.880734 0.36693028
6789.4487 5.253319 5.2025247 0.78574705 0.35669318
6793.025 5.348838 5.1760964 1.0148519 0.36446053
6796.601 5.4959593 5.2866907 0.9488644 0.36728323
6800.1772 4.7338276 4.6732874 0.74438286 0.34658858
6803.7534 4.997081 5.000678 0.9260309 0.35440645
6807.3296 4.7963543 4.6663494 0.9580952 0.35131735
6810.9053 4.9956117 4.763406 0.8973985 0.3566549
6814.4814 5.091763 4.846353 0.92094463 0.35947835
6818.0576 4.5232835 4.379442 0.976104 0.34598744
6821.634 4.549199 4.312408 1.081618 0.35017577
6825.21 5.2590985 5.0492244 1.0377898 0.36338413
6828.7856 4.6848936 4.5054207 1.2739834 0.3560724
6832.362 4.748146 4.6231627 1.3604724 0.35830235
6835.938 5.0964093 4.9236526 1.1530589 0.36105555
6839.514 4.7390623 4.5352426 1.1352954 0.35494804
6843.0903 5.02926 4.8922615 1.1389571 0.36093906
6846.6665 4.684945 4.585568 0.99738973 0.35162672
6850.242 4.891568 4.8410273 0.8468702 0.3504705
6853.8184 5.293853 5.1112447 0.8853169 0.36221325
6857.3945 5.0267715 4.8415914 1.0885805 0.3606387
6860.9707 4.7865753 4.6077356 1.170966 0.3550087
6864.547 4.5979686 4.494191 1.0670103 0.349607
6868.123 4.23744 4.2316446 1.1451923 0.3421738
6871.6987 4.069626 4.043249 1.1218114 0.33943465
6875.275 3.6817052 3.633588 1.0866691 0.3292686
6878.851 3.7904086 3.673719 0.8378654 0.32786116
6882.4272 4.349533 4.358986 0.9439579 0.34041035
6886.0034 4.176809 4.106675 1.0169832 0.34036466
6889.579 4.031194 3.9291751 1.0663306 0.33838582
6893.1553 4.4585757 4.3633018 1.0780241 0.34785184
6896.7314 4.055504 3.945802 0.89680636 0.3359224
6900.3076 3.8197038 3.742626 0.93148804 0.3299664
6903.884 4.486715 4.4285445 0.9543688 0.34430984
6907.46 3.6189957 3.6223266 0.99859023 0.32611194
6911.0356 4.5598183 4.433657 0.9461397 0.3460467
6914.612 4.666163 4.5767446 0.945631 0.34835285
6918.188 4.1154523 3.951358 1.1207311 0.34110072
6921.764 4.388674 4.334154 1.0458629 0.34416044
6925.3403 5.4472594 5.33251 0.98687273 0.36537468
6928.9165 5.171906 5.024966 1.0862929 0.36158764
6932.492 4.367513 4.2545323 0.91545504 0.3412744
6936.0684 4.888495 4.6979756 0.9243418 0.35345912
6939.6445 5.032094 4.8878 1.1012973 0.35967398
6943.2207 4.6831617 4.546726 1.098813 0.3514733
6946.797 5.1012564 4.952934 0.988855 0.3582178
6950.3726 5.332263 5.229841 0.7767623 0.35836738
6953.9487 4.92005 4.717904 0.93192863 0.3546814
6957.525 4.9787536 4.8180876 1.0555818 0.3602534
6961.101 4.7758465 4.6561933 1.0199387 0.353724
6964.6772 4.4665165 4.308909 1.085883 0.34799463
6968.2534 4.860042 4.7327204 1.0646257 0.3549091
6971.829 4.6011252 4.493756 1.1269646 0.34939754
6975.4053 4.294226 4.2105885 1.1401384 0.3440157
6978.9814 4.906773 4.697148 1.0817778 0.3572711
6982.5576 4.825819 4.6632123 1.0194582 0.35380936
6986.134 4.8800964 4.767091 0.9956584 0.3548913
6989.7095 4.77128 4.712803 0.80137396 0.3486644
6993.2856 4.7180524 4.6601744 0.74187094 0.34505624
6996.862 4.2127814 4.0617657 1.0119432 0.3408114
7000.438 4.3844547 4.229571 1.0896313 0.3454362
7004.014 5.0016418 4.778545 0.93203336 0.355981
7007.5903 4.762815 4.6146054 1.0657467 0.35396087
7011.166 4.810615 4.6842375 0.9679772 0.35291705
7014.742 5.1400557 4.9122853 0.9480589 0.35987455
7018.3184 4.912942 4.583928 0.8529402 0.35530367
7021.8945 4.910547 4.771357 0.8439476 0.35284674
7025.4707 4.9107795 4.838447 0.89009213 0.35178995
7029.047 4.1272597 3.8169138 0.8268299 0.33793303
7032.6226 4.4228706 4.295798 0.84056336 0.3418493
7036.1987 4.7635098 4.759948 0.89218116 0.3485587
7039.775 4.523091 4.419826 0.86188644 0.3441136
7043.351 4.4643927 4.3263936 0.8664053 0.34239584
7046.9272 4.86773 4.8186083 0.96448785 0.35413253
7050.503 4.731378 4.5814753 1.0083812 0.35291204
7054.079 5.116471 4.852104 0.87086093 0.35732785
7057.6553 4.8282323 4.631702 0.9201122 0.35314718
7061.2314 4.2980413 4.1329074 0.96833116 0.34296653
7064.8076 4.861206 4.595341 0.9131046 0.35422903
7068.384 4.8299084 4.760955 0.9428904 0.3532353
7071.9595 4.3313155 4.3064055 0.93158376 0.34155118
7075.5356 4.2798805 4.1672134 0.8261487 0.33860227
7079.112 5.0056353 4.919606 0.86274874 0.3542147
7082.688 5.059411 4.9824076 0.91167724 0.35555837
7086.264 4.988142 4.9483376 1.0055376 0.35628098
7089.8403 4.808249 4.638965 0.9057717 0.35230783
7093.416 4.662263 4.4593387 0.89742726 0.348796
7096.992 4.84528 4.6859894 0.9710277 0.3542817
7100.5684 4.7837067 4.635674 0.9035144 0.35246164
7104.1445 4.6412086 4.5160913 0.9611919 0.34924555
7107.7207 4.2488637 4.1487336 0.9147994 0.34161988
7111.2964 5.330635 5.1123757 0.86902344 0.36306116
7114.8726 5.128993 4.891936 0.9328758 0.3593793
7118.4487 4.50803 4.4871225 1.0240039 0.34766144
7122.025 4.9506764 4.8691177 0.9986197 0.35558012
7125.601 5.0353346 4.993291 0.83801347 0.35524338
7129.1772 4.777133 4.6617727 0.8987552 0.35194102
7132.753 4.8999915 4.6907473 0.9832014 0.35539123
7136.329 4.7198415 4.5965276 0.917229 0.34931403
7139.9053 4.542156 4.53125 1.0117306 0.3474973
7143.4814 5.2559958 5.1686645 1.0135087 0.3635142
7147.0576 4.7967772 4.627654 0.92784095 0.35228693
7150.634 4.4517984 4.3173113 0.92463386 0.34480482
7154.2095 4.589547 4.381664 0.987625 0.3495915
7157.7856 4.5147896 4.3021383 1.0849787 0.35072616
7161.362 4.599704 4.363649 1.1590815 0.35364598
7164.938 5.266021 5.1005735 0.89056545 0.36129034
7168.514 4.898296 4.846713 0.72744894 0.34856454
7172.09 4.383879 4.3405776 0.81280327 0.34047684
7175.666 4.141702 4.014819 0.94860125 0.3396045
7179.242 3.9386463 3.8734534 0.8623291 0.33216912
7182.8184 4.1634016 4.0386624 0.9531513 0.3396516
7186.3945 4.199304 4.131715 0.83004975 0.33768755
7189.9707 4.3286014 4.345044 0.7440851 0.33886638
7193.5464 4.324162 4.268915 0.98791075 0.34356362
7197.1226 4.00981 3.8766541 0.875637 0.33387697
7200.6987 4.5111794 4.4113817 0.861937 0.3445502
7204.275 4.9144483 4.808182 0.73289067 0.35127112
7207.851 4.48725 4.232242 0.7441525 0.34290466
7211.4272 4.3183894 4.2305584 0.97409654 0.34281534
7215.003 4.3715696 4.293978 0.97293925 0.3456687
7218.579 4.5942383 4.39231 0.8564378 0.34760687
7222.1553 4.2256136 4.196738 0.8823302 0.3375207
7225.7314 4.1688333 4.104867 1.0936258 0.34116352
7229.3076 4.177667 4.0165586 1.3899643 0.34766233
7232.8833 4.558709 4.555108 1.5214636 0.35570577
7236.4595 3.9411266 3.8988593 1.8059278 0.34850276
7240.0356 4.0982747 3.9148998 1.7331967 0.35151568
7243.612 4.1922827 4.02631 1.4559457 0.3482084
7247.188 4.499169 4.362662 1.193533 0.35123426
7250.764 4.2903657 4.157093 1.0010558 0.344245
7254.34 4.167592 4.0944777 0.8310157 0.33588025
7257.916 4.319262 4.2118254 0.85763866 0.34062886
7261.492 3.9165869 3.8441029 1.3595161 0.3403003
7265.0684 4.544539 4.5021567 1.5469978 0.35508475
7268.6445 4.387745 4.292429 1.5900556 0.35574755
7272.2207 4.2164407 4.111438 1.6845288 0.35526118
7275.7964 4.1408534 4.018862 1.5239019 0.34884578
7279.3726 3.587005 3.553842 1.350558 0.33324173
7282.9487 3.8837266 3.7283337 1.2496305 0.33955988
7286.525 4.3047514 4.2026114 1.0535356 0.3447488
7290.101 4.589575 4.4665537 0.90570843 0.34762806
7293.677 4.231417 4.0947742 1.0224824 0.34198076
7297.253 4.029866 3.9130747 1.1461675 0.33944267
7300.829 3.8897753 3.7268424 1.260509 0.33896154
7304.4053 3.6020477 3.5500243 1.2916073 0.3324675
7307.9814 4.2279463 4.097738 1.266719 0.3452832
7311.5576 4.3521724 4.1710997 1.2013483 0.3480691
7315.1333 3.9682872 3.9010224 1.2555524 0.34040773
7318.7095 3.9682455 3.949586 1.1342126 0.33825928
7322.2856 3.680679 3.649347 1.1552144 0.3327378
7325.862 4.070598 3.9181933 1.4392427 0.34539115
7329.438 4.444613 4.2209396 1.4692626 0.35447302
7333.014 4.642149 4.430367 1.3945563 0.35727572
7336.59 4.6157603 4.6117043 1.3565981 0.35555395
7340.166 4.287089 4.234459 1.1067647 0.3437285
7343.742 4.2611094 4.1771007 1.0254483 0.34115118
7347.3184 4.1450143 4.026105 1.0192028 0.34095982
7350.8945 4.018164 3.843129 1.176748 0.34062582
7354.47 4.0567775 3.8352513 1.4652978 0.3479403
7358.0464 4.1740556 4.022504 1.5029455 0.35219187
7361.6226 4.2600856 4.181667 1.3398421 0.34842917
7365.1987 4.1476173 3.9586396 1.2641606 0.34500033
7368.775 4.318551 4.2122617 1.0202326 0.34318018
7372.351 4.7716365 4.7117915 0.8741329 0.3495321
7375.927 3.9607873 3.7864592 0.9704825 0.33632186
7379.503 3.4967604 3.303665 1.0436785 0.3264878
7383.079 3.9508286 3.8377883 1.1608574 0.33858782
7386.6553 4.1389513 4.098429 1.1359606 0.34232542
7390.2314 4.419006 4.366509 1.1116564 0.3483441
7393.8076 4.425342 4.3024526 1.1589226 0.3490694
7397.3833 4.0064697 3.7896106 1.1738094 0.3404939
7400.9595 4.0298796 3.9795 1.1219944 0.33916542
7404.5356 4.263228 4.254524 0.7871113 0.33667505
7408.112 4.2538 4.115367 0.8530389 0.34018016
7411.688 4.420212 4.3301797 0.97485334 0.34590587
7415.2637 4.3220487 4.2318387 0.9861602 0.34331805
7418.84 4.012741 3.9691758 1.0107439 0.33722973
7422.416 4.1769376 4.148378 1.0519152 0.34025088
7425.992 4.304959 4.132592 0.91086286 0.34213024
7429.5684 4.0348434 3.8530128 1.0146075 0.33938706
7433.1445 4.0059667 3.8898993 1.0648483 0.33851698
7436.72 3.8635392 3.73815 0.77605575 0.32931837
7440.2964 3.7157807 3.563457 0.79924613 0.32755542
7443.8726 4.0900726 4.001909 0.83053565 0.33587617
7447.4487 3.7275355 3.530601 0.82926273 0.32962358
7451.025 3.5967073 3.376045 0.84780544 0.32609358
7454.601 4.18134 4.136531 0.8625839 0.33762044
7458.177 3.9914541 3.800419 0.93031824 0.33801565
7461.753 3.8999228 3.7435117 1.0435644 0.3348473
7465.329 4.1914725 4.153519 1.1575484 0.34287184
7468.9053 3.8604093 3.732124 1.1171081 0.33615753
7472.4814 3.3764958 3.228467 1.1001868 0.3257976
7476.057 3.8893602 3.7505746 0.9658105 0.33519593
7479.6333 4.0642266 4.0076723 0.8588506 0.33458778
7483.2095 3.5517235 3.446181 1.0088353 0.32803458
7486.7856 4.0463076 3.7981126 0.8265971 0.3365517
7490.362 4.1590276 4.074985 0.7342699 0.33453056
7493.938 4.02833 4.016935 0.88612074 0.33581048
7497.5137 3.8826487 3.793499 0.8384039 0.3317266
7501.09 3.5396948 3.4693866 0.955588 0.32409915
7504.666 3.9984913 3.8739228 1.2122048 0.3409671
7508.242 4.113553 3.9845324 1.0485305 0.3402829
7511.8184 4.035646 3.8896577 1.157597 0.3397249
7515.3945 3.961502 3.8682306 1.1346034 0.33774906
7518.97 4.0656366 3.930607 0.9058744 0.33630416
7522.5464 4.066934 3.9716787 0.817459 0.33437788
7526.1226 4.0634704 3.957703 0.7121924 0.3328286
7529.6987 3.9619305 3.7989414 0.7095095 0.3306064
7533.275 4.1757154 4.026275 0.8022129 0.33769032
7536.8506 3.430287 3.339116 0.79765254 0.32013518
7540.427 3.686145 3.5539424 0.7067066 0.3230014
7544.003 3.9665976 3.8585107 0.8630072 0.33452037
7547.579 3.8203552 3.8001645 0.86791205 0.33005583
7551.1553 3.7814586 3.666037 0.9576717 0.33178195
7554.7314 3.632173 3.5410085 1.1081148 0.33115232
7558.307 4.080475 3.8974962 1.0454675 0.34095308
7561.8833 3.4718528 3.3497298 1.2806973 0.33386385
7565.4595 4.0560875 3.9619937 0.85255617 0.33346245
7569.0356 3.8793385 3.8022454 0.7462724 0.32825217
7572.612 3.714297 3.521652 0.8517831 0.3290057
7576.188 3.4901857 3.3707232 0.7156037 0.32077911
7579.7637 2.2334032 2.216532 0.6119569 0.2869565
7583.34 1.6509337 1.7320637 0.5509425 0.26714408
7586.916 0.6434372 0.8050581 0.60280937 0.23882425
7590.492 0.89312494 1.2108123 0.61569226 0.24331322
7594.0684 1.2915093 1.2716625 0.53082466 0.2582295
7597.644 1.8802079 1.8154612 0.55712694 0.27511686
7601.22 2.9263272 2.86369 0.38346326 0.29831877
7604.7964 2.1307874 2.2301486 0.8475139 0.28807822
7608.3726 2.465981 2.3443592 0.70528024 0.29554752
7611.9487 1.992976 1.9952198 0.4789478 0.27620953
7615.525 2.105929 2.0390825 0.80047244 0.2895261
7619.1006 2.1590025 2.209436 0.52718675 0.282255
7622.677 1.7918625 1.7748083 0.74903995 0.2790025
7626.253 2.0082064 2.1411896 0.5146697 0.2762857
7629.829 2.6324544 2.5852954 0.5428899 0.29619047
7633.4053 2.7513914 2.6815593 0.5554814 0.29994678
7636.9814 2.5078862 2.3854396 0.6827918 0.29764712
7640.557 2.4876604 2.429196 0.82638055 0.3001239
7644.1333 3.557807 3.3064768 0.6906668 0.32399446
7647.7095 3.6035182 3.4469233 0.7691711 0.32539997
7651.2856 3.5024414 3.3370686 0.66131973 0.3198314
7654.862 3.3452787 3.2044256 0.79062176 0.3187859
7658.4375 3.8801203 3.775468 0.64531875 0.327202
7662.0137 3.6451235 3.645627 0.7257777 0.32145813
7665.59 3.5567691 3.5153317 0.7716257 0.32129574
7669.166 3.3493617 3.287299 0.767506 0.3162971
7672.742 3.152481 3.060492 0.76560557 0.31387374
7676.3184 3.4579127 3.2914946 0.7499062 0.32260308
7679.894 3.6644819 3.5621855 0.688595 0.3229123
7683.47 3.4411798 3.3777502 0.7303307 0.31773096
7687.0464 3.563685 3.4543836 1.1716149 0.33214137
7690.6226 3.0947022 3.3475223 1.2220923 0.3170284
7694.1987 4.0754642 4.1223025 1.5482626 0.3469236
7697.775 3.6297066 3.5085227 1.635598 0.33903497
7701.3506 3.3133118 3.2262585 1.8708493 0.3387167
7704.927 3.5754683 3.615862 1.6806583 0.3382998
7708.503 3.6516078 3.6492517 1.0860041 0.32904127
7712.079 3.700516 3.6008525 0.9830721 0.32920203
7715.6553 3.5791752 3.6195977 0.96480083 0.3249424
7719.231 3.0033853 3.1099489 0.98860854 0.31585974
7722.807 3.3215396 3.2165864 0.8123711 0.31965932
7726.3833 3.3615096 3.366882 1.3591256 0.32908157
7729.9595 3.697722 3.5723655 1.5533793 0.34027687
7733.5356 4.233251 4.0168204 1.6194695 0.353917
7737.112 3.9459124 3.7608225 1.8533269 0.35215363
7740.6875 3.3683486 3.2563772 1.4849492 0.3331135
7744.2637 3.2946339 3.3186429 1.0599641 0.32185823
7747.84 3.2548454 3.1894894 1.1066296 0.32127246
7751.416 4.1632276 4.007482 0.8809623 0.33743578
7754.992 3.7027187 3.5625002 0.94943243 0.33080283
7758.568 3.4409056 3.316112 0.94470525 0.32439423
7762.144 4.295323 4.199126 0.88655907 0.34099716
7765.72 3.4827693 3.4366639 0.9976502 0.32519522
7769.2964 3.590284 3.4565496 1.1541901 0.32981887
7772.8726 3.686016 3.6074061 1.4697134 0.33789304
7776.4487 3.3889916 3.4485059 1.4492047 0.32995892
7780.0244 3.954235 3.7955918 1.4848099 0.34548
7783.6006 3.8691444 3.6149905 1.2908703 0.3412587
7787.177 3.8096275 3.68334 1.0963793 0.33369794
7790.753 3.4127967 3.3977005 1.0012008 0.3228872
7794.329 3.654876 3.6414137 1.1088575 0.33165497
7797.9053 3.7643397 3.6668243 1.5825862 0.3423805
7801.481 3.932818 3.909648 1.3577749 0.34147716
7805.057 3.6673636 3.8726475 1.5252101 0.33838862
7808.6333 3.4549532 3.3808212 1.4307805 0.3340804
7812.2095 3.4903147 3.386581 1.1175544 0.3271494
7815.7856 4.405893 4.335424 0.7469443 0.34039956
7819.3613 4.06789 3.937354 0.9360591 0.33612087
7822.9375 3.9957414 3.8417199 0.84672856 0.33382744
7826.5137 4.032243 3.8427157 1.2676724 0.3454453
7830.09 3.1569917 3.1945338 1.6698517 0.3276946
7833.666 3.7309093 3.6523325 1.471502 0.33978146
7837.242 3.919127 3.6904452 1.591564 0.3480242
7840.818 3.943717 3.9344163 1.666626 0.34625602
7844.394 3.6102803 3.422747 1.377568 0.3358551
7847.97 3.7992778 3.680006 1.5161961 0.3416387
7851.5464 3.778866 3.7113998 1.0993586 0.33372414
7855.1226 3.2314713 3.2189915 1.317134 0.32486328
7858.6987 3.4780083 3.3645525 1.283529 0.33205807
7862.2744 3.4556046 3.3682532 1.1494725 0.3287498
7865.8506 3.869563 3.7617474 1.2927454 0.3389058
7869.427 4.0124846 3.8735423 1.1634561 0.34321243
7873.003 3.9324987 3.8854833 1.1994084 0.33872843
7876.579 3.2325833 3.3318217 1.1567451 0.32348856
7880.155 3.7935777 3.8664331 0.8244187 0.32859102
7883.731 4.0631194 3.9564288 0.92171574 0.33800873
7887.307 3.8869324 3.6932318 1.302171 0.341459
7890.8833 3.6574512 3.7022812 1.7903999 0.3416563
7894.4595 3.7962158 3.9420178 1.7513454 0.3441845
7898.0356 4.3332934 4.334246 1.7677746 0.3566506
7901.6113 4.169378 4.096475 1.7566664 0.35292098
7905.1875 3.7764044 3.8817537 1.3643903 0.33739656
7908.7637 3.3377185 3.486029 1.3492067 0.32677674
7912.34 3.165528 2.9623463 1.1917864 0.32343566
7915.916 3.6145341 3.4861498 0.861762 0.3271333
7919.492 3.6579316 3.7202947 0.7698733 0.3236424
7923.068 3.6238956 3.5281928 0.6934419 0.3220599
7926.644 3.9158964 3.7347033 0.7515595 0.33027482
7930.22 4.1189976 3.9197285 0.7557895 0.33609813
7933.7964 3.9887733 4.026667 0.8816312 0.33234844
7937.3726 3.5857913 3.6482477 1.0680062 0.3274735
7940.948 4.0669622 4.1554337 1.3184164 0.34322098
7944.5244 4.3732834 4.2054505 1.1450315 0.34717253
7948.1006 3.989327 3.9689188 1.29932 0.3419605
7951.677 3.379539 3.2540429 1.5674878 0.33470598
7955.253 3.519725 3.7157538 1.1764836 0.32634693
7958.829 3.367753 3.3959305 0.934764 0.32011425
7962.405 4.128274 4.2579384 1.0393624 0.33728996
7965.981 3.7588513 3.5646574 1.2497208 0.337322
7969.557 3.931385 3.8189793 1.381818 0.34340844
7973.1333 3.2663345 3.1877022 1.4238256 0.3275834
7976.7095 3.8374593 3.6564925 1.3588346 0.34086186
7980.2856 3.783221 3.8269312 1.4428182 0.3387312
7983.8613 3.4119663 3.443414 0.870325 0.32167688
7987.4375 3.637635 3.5339992 0.75822973 0.325141
7991.0137 3.563982 3.3854494 1.0725284 0.32942626
7994.59 3.7067633 3.5157945 0.8690021 0.33015943
7998.166 3.5692353 3.39475 1.0413517 0.33037984
8001.7417 3.4906878 3.375247 1.2581683 0.33093897
8005.318 3.2302535 3.2235832 1.2154553 0.32206804
8008.894 3.5506372 3.4035342 1.2820269 0.33309934
8012.47 3.5164506 3.2895982 1.3535498 0.33410227
8016.0464 3.5575554 3.4878647 0.8731901 0.32375783
8019.6226 3.8079302 3.784129 0.5694853 0.323107
8023.198 3.2087252 3.155186 0.81433994 0.31446326
8026.7744 3.5783753 3.5703475 0.8025615 0.32296193
8030.3506 4.143209 4.1473174 0.7567955 0.334128
8033.927 3.5316484 3.4646683 0.8754873 0.32414547
8037.503 3.4982822 3.3619018 0.94129145 0.32710642
8041.079 3.4539871 3.3385239 0.92369014 0.32354355
8044.655 3.4080687 3.3317075 0.74855375 0.318796
8048.231 3.3741682 3.2876303 0.91187006 0.3234615
8051.807 3.7682676 3.741464 0.7802462 0.32644165
8055.3833 4.031931 3.8146863 0.6180259 0.33122423
8058.9595 3.328132 3.2810454 0.62006235 0.31366524
8062.535 3.5042064 3.332298 0.79796594 0.3242665
8066.1113 3.565293 3.442886 0.744436 0.32143795
8069.6875 4.060279 3.8864923 0.6953611 0.3350837
8073.2637 3.1766088 3.0382838 0.8246309 0.31548393
8076.84 3.385778 3.1945252 0.93212694 0.32360044
8080.416 4.079481 3.9412122 0.81123286 0.33554462
8083.9917 3.834432 3.88775 0.8486502 0.3297746
8087.568 3.4668014 3.521241 0.7752028 0.31905448
8091.144 3.5258229 3.5385127 0.8424992 0.32311073
8094.72 3.3692029 3.4189718 0.6221329 0.3133474
8098.2964 3.5342476 3.435644 0.60265285 0.31898978
8101.8726 3.2678063 3.1728292 0.79608214 0.31726938
8105.448 3.2711782 3.222363 0.733006 0.31592527
8109.0244 3.4217381 3.2129529 0.66567504 0.319717
8112.6006 3.293938 3.2338796 0.6541587 0.31336114
8116.177 3.255995 3.393591 0.65411603 0.31074286
8119.753 3.299251 3.1924386 0.7565079 0.31678817
8123.3286 3.5961754 3.4174435 0.70307195 0.32340068
8126.905 3.57495 3.5182376 0.5541721 0.3195365
8130.481 3.5917635 3.453846 0.6432415 0.32154328
8134.057 3.4614747 3.326394 0.7019383 0.31872213
8137.6333 3.3612604 3.25751 0.6374066 0.31498364
8141.2095 3.229028 3.355547 0.67863774 0.31197828
8144.785 3.2341223 3.0715284 0.64309067 0.31341133
8148.3613 3.329958 3.2592063 0.6884134 0.31500453
8151.9375 3.1877935 3.4085221 0.7010872 0.30983168
8155.5137 3.6316304 3.5083234 0.34971935 0.31588152
8159.09 3.3216882 3.1945014 0.79343784 0.31872842
8162.666 3.2056649 3.0553696 0.7908929 0.31512678
8166.2417 3.2320368 3.1826417 0.59350616 0.31225172
8169.818 3.2172735 3.1408567 0.66858244 0.31236976
8173.394 3.0820076 3.0869975 0.73135406 0.3107217
8176.97 3.1606488 3.072934 0.7939887 0.31530613
8180.5464 2.8949115 2.8514688 0.7266706 0.30583933
8184.122 3.1043348 3.0007074 0.5781532 0.30801558
8187.698 3.3885148 3.1987958 0.48710826 0.31493363
8191.2744 3.0808175 2.9325778 0.44641706 0.30624658
8194.851 3.031535 2.8411345 0.53378296 0.30802593
8198.427 3.273591 3.1429486 0.5897951 0.31505114
8202.003 3.4734526 3.4513662 0.5452964 0.31472552
8205.579 3.2796628 3.2264102 0.56021774 0.31141394
8209.155 2.9903526 2.8317504 0.53429794 0.30596858
8212.731 2.8180172 2.9587686 0.59334624 0.2987749
8216.307 2.5324552 2.6016366 0.5612528 0.29256585
8219.883 3.611084 3.4697263 0.67672557 0.32357338
8223.459 2.7476578 2.5332189 0.85958534 0.30913967
8227.035 2.860394 2.7416067 0.61424834 0.30401373
8230.611 3.080171 2.9762294 0.7603414 0.31216538
8234.1875 3.1801562 3.06881 0.6360972 0.31167215
8237.764 3.053999 2.999867 0.4984428 0.30565915
8241.34 2.790693 2.684279 0.6298566 0.30540967
8244.916 3.035695 2.9334862 0.6244105 0.30779868
8248.492 3.1855175 3.0574794 0.6268189 0.31236514
8252.068 2.9971473 2.8390467 0.6601085 0.31016493
8255.644 2.984951 2.7885797 0.8029368 0.31291616
8259.22 2.8564095 2.7418087 1.0084525 0.3123872
8262.796 2.6568007 2.4799292 1.3074863 0.31462935
8266.372 3.1858993 2.972529 1.4285383 0.32997417
8269.948 3.439224 3.4148357 1.4750696 0.33265048
8273.524 2.9151657 2.7371867 1.7759513 0.32983652
8277.101 2.9428394 2.76218 1.5750207 0.32632318
8280.677 2.8305335 2.7818465 1.306145 0.31519353
8284.253 3.0405777 2.969453 1.0868617 0.31758082
8287.829 2.6473463 2.555723 1.3555796 0.31339973
8291.405 3.056023 2.8413703 0.8623031 0.31415322
8294.98 2.5262516 2.325439 0.8173801 0.3009672
8298.557 2.8839812 2.9001203 0.71760947 0.3057215
8302.133 2.7513435 2.6864974 0.7894227 0.304958
8305.709 3.099115 3.0456264 0.54829526 0.30845612
8309.285 3.1180975 3.095912 0.61889344 0.3112199
8312.861 3.1236522 3.0090215 0.6615814 0.31463805
8316.4375 2.7512646 2.6758318 0.71173966 0.30352217
8320.014 2.5543425 2.4343433 1.4983915 0.3152666
8323.59 2.709542 2.60071 2.1063235 0.33170164
8327.166 3.1136627 3.1093702 2.1034849 0.33876175
8330.742 3.1942453 3.0992553 2.2896595 0.34449202
8334.318 3.0095325 2.9111278 2.1432252 0.33682024
8337.894 3.3174057 3.317329 1.3884201 0.32979795
8341.47 2.964299 2.939334 1.0606655 0.31362718
8345.046 3.097732 3.109039 0.9934484 0.31492212
8348.622 3.0315075 2.9299095 0.79488033 0.31157956
8352.198 3.1142654 2.9853601 0.68116075 0.3141156
8355.774 2.8759835 2.7093008 0.7046751 0.30664098
8359.351 3.1317756 2.9880085 0.6840813 0.31305113
8362.927 2.7694454 2.738633 0.77278703 0.30507344
8366.503 3.191042 3.0677984 0.9586268 0.3188499
8370.079 2.6879568 2.6294947 0.85025716 0.30467117
8373.655 2.6266034 2.6025722 1.0780045 0.30906957
8377.23 2.4921377 2.561466 1.5077795 0.3134045
8380.807 2.3381577 2.3875628 1.7686076 0.3128901
8384.383 2.7009535 2.6352954 1.687981 0.32026607
8387.959 3.0017836 2.8971062 1.597596 0.32712337
8391.535 3.4168735 3.3058984 1.351894 0.331061
8395.111 3.3180854 3.2122257 0.9196988 0.32024378
8398.6875 2.9550362 2.8187237 0.9118809 0.31389737
8402.264 3.4201872 3.3131335 0.80439174 0.31957382
8405.84 2.7781692 2.6518047 1.1676749 0.31286207
8409.416 3.2900994 3.184805 1.7833761 0.33757815
8412.992 2.7253673 2.6257713 1.7266331 0.32409498
8416.567 2.358387 2.135898 1.5964735 0.3150995
8420.144 2.355788 2.1966279 1.7440397 0.3153724
8423.72 3.268462 3.1842222 1.1079545 0.32332537
8427.296 2.8738666 2.8475149 0.5946902 0.3033562
8430.872 2.4793737 2.4148276 0.79640067 0.29869488
8434.448 2.9854057 2.9087224 0.66580474 0.30859694
8438.024 2.7725153 2.8597481 0.7245605 0.30361027
8441.601 2.5932462 2.6499257 1.2419735 0.30945283
8445.177 2.7623215 2.6508405 1.4088402 0.31690535
8448.753 2.971219 2.9148474 1.2183375 0.31791198
8452.329 3.0944395 3.041654 1.2161196 0.32198137
8455.905 2.477999 2.313745 1.3801821 0.3118237
8459.48 2.6348891 2.5990248 1.1246173 0.3096481
8463.057 2.6441386 2.703775 0.69272673 0.29900083
8466.633 2.8120167 2.6805272 0.5740296 0.30347848
8470.209 2.8322384 2.8015876 0.4954053 0.2995217
8473.785 2.3766255 2.303628 0.7665216 0.29669887
8477.361 2.5938888 2.484214 0.7313542 0.30115232
8480.9375 2.980418 2.8396237 0.7633558 0.31069025
8484.514 2.6955438 2.5493097 0.9256908 0.3072045
8488.09 3.2281508 3.0862565 0.86346996 0.3181505
8491.666 2.5856786 2.479396 0.9677165 0.30583543
8495.242 2.3188972 2.165356 1.012667 0.30045974
8498.817 2.8254526 2.6588047 0.834187 0.30866063
8502.394 2.680898 2.5775552 0.67811686 0.30265403
8505.97 2.7764523 2.7820413 0.69074005 0.30297887
8509.546 2.6467032 2.7278583 0.7208554 0.29835537
8513.122 2.7388864 2.7061808 0.4652373 0.2965609
8516.698 3.0588436 3.1258938 0.6137239 0.3069601
8520.274 2.793184 2.6122181 0.5996676 0.30332017
8523.851 2.8992112 2.8486564 0.54698473 0.30300298
8527.427 3.41234 3.3290863 0.63279945 0.316702
8531.003 2.198176 2.201133 0.8334858 0.29269022
8534.579 2.8458223 2.7409327 0.73487747 0.30648443
8538.154 2.522073 2.4427536 0.61620045 0.2954125
8541.73 2.8288844 2.7292602 0.6941032 0.30516624
8545.307 2.8928938 2.784614 0.49525326 0.30199647
8548.883 2.267745 2.2211738 0.50141436 0.28579414
8552.459 2.4983675 2.4435654 0.6264602 0.2952661
8556.035 2.496589 2.359227 0.60201514 0.29527068
8559.611 2.3683462 2.2426503 0.6512052 0.29196197
8563.1875 2.726819 2.6861167 0.5636538 0.29932794
8566.764 2.2246273 2.0323522 0.70362025 0.29087353
8570.34 2.5264585 2.338598 0.6372689 0.29679546
8573.916 2.7349813 2.6949186 0.7819568 0.30271223
8577.492 2.60119 2.6638267 0.75011367 0.29749858
8581.067 2.881138 2.810847 0.5966148 0.3029492
8584.644 2.732073 2.6106625 0.5409837 0.29837668
8588.22 2.8678896 2.906007 0.50488967 0.30097952
8591.796 2.7537093 2.7959802 0.63347965 0.2999644
8595.372 2.1825876 2.3137474 0.63859314 0.28393474
8598.948 2.5052993 2.5161095 0.5495809 0.2933566
8602.524 2.6660233 2.5410233 0.7050978 0.3017224
8606.101 2.1980271 2.1029322 0.9811764 0.29604864
8609.677 2.5260718 2.4230433 1.1873069 0.30957666
8613.253 2.754661 2.7657917 1.3398372 0.31406763
8616.829 2.361976 2.2633584 1.5035253 0.31234062
8620.404 2.420623 2.2738912 1.5824938 0.31811285
8623.98 2.5979548 2.5842571 1.0378745 0.30583423
8627.557 2.745627 2.7384481 1.1171688 0.31029052
8631.133 2.6079314 2.612636 1.0464088 0.3053247
8634.709 2.3104973 2.2840004 1.2559249 0.30279875
8638.285 2.300434 2.2192247 1.2559322 0.30393398
8641.861 2.8216162 2.6995022 1.1810385 0.31510723
8645.4375 2.7108839 2.5907333 1.3361588 0.3151613
8649.014 2.807982 2.627435 1.4037061 0.3198065
8652.59 2.9511344 2.762545 1.2997819 0.32042608
8656.166 2.485021 2.3690393 1.2654604 0.30885515
8659.741 2.3130653 2.1972997 1.1942525 0.30522943
8663.317 2.4215357 2.4044366 1.0452068 0.30094403
8666.894 2.5563092 2.6528747 0.9792557 0.30008593
8670.47 2.5902925 2.500869 0.82201636 0.30127382
8674.046 2.6517081 2.5446851 0.85502857 0.3039857
8677.622 3.0106359 2.87105 0.7943494 0.3108731
8681.198 2.741647 2.759315 0.6573261 0.29998153
8684.774 2.4926903 2.40749 0.61855173 0.2948682
8688.351 2.3261328 2.2916753 0.5413598 0.28704852
8691.927 2.7112317 2.6365895 0.59734654 0.29989213
8695.503 2.6513622 2.5766008 0.5534202 0.29895106
8699.079 2.281948 2.246242 0.4563414 0.28596613
8702.654 2.289166 2.193815 0.56131977 0.28815717
8706.23 2.203578 2.1279771 0.5925098 0.2871516
8709.807 2.1331143 2.0316162 0.53896844 0.28616017
8713.383 2.4136577 2.2040508 0.57598805 0.2957619
8716.959 2.4785676 2.3464994 0.44800135 0.29191384
8720.535 2.5251894 2.3466876 0.49230748 0.29361916
8724.111 2.6233647 2.5647857 0.46284473 0.2944782
8727.6875 2.0596662 2.1064248 0.63564414 0.28304917
8731.264 2.607439 2.5002275 0.59787476 0.29699302
8734.84 2.3772206 2.3223705 0.5618839 0.29015014
8738.416 2.3154287 2.296744 0.5548939 0.28695944
8741.991 2.548839 2.550755 0.51524514 0.29335138
8745.567 2.6023004 2.5533679 0.76839256 0.3016949
8749.144 2.3454723 2.2834213 1.1799756 0.30266467
8752.72 2.2360137 2.1636763 1.4672441 0.3059319
8756.296 2.3227632 2.3740206 1.6478922 0.31091508
8759.872 2.4364429 2.565795 1.752201 0.31456283
8763.448 2.9281938 2.695794 1.8665099 0.33310738
8767.024 2.8223333 2.6672046 1.9379817 0.33030978
8770.601 2.057925 1.945451 1.7958945 0.30835116
8774.177 1.9140879 1.7743 1.4839276 0.30030292
8777.753 2.5881116 2.499968 1.4005034 0.31258458
8781.328 2.103221 2.2147374 1.1153101 0.29245797
8784.904 2.3623257 2.3252864 0.8688947 0.2964539
8788.48 2.2348652 2.1702156 0.7448898 0.2911354
8792.057 2.0068266 2.0091436 0.6872078 0.2832808
8795.633 1.9951215 1.9978225 0.4154908 0.27578002
8799.209 1.8778164 1.8889942 0.4916979 0.27430215
8802.785 1.9772992 1.9734186 0.65528965 0.2807407
8806.361 2.1465988 2.1407697 0.5295278 0.28208128
8809.9375 2.220011 2.1947134 0.7327787 0.29052255
8813.514 2.4295204 2.2976596 1.2514192 0.3076116
8817.09 2.2559931 2.2042131 2.1915672 0.31932327
8820.665 2.105942 2.105194 2.2094111 0.31515828
8824.241 2.609522 2.4779105 2.766044 0.3402788
8827.817 2.7926812 2.91539 2.8591475 0.3415138
8831.394 3.0187452 2.8058038 1.9090493 0.3354242
8834.97 2.2815363 2.2474854 1.2844489 0.30360866
8838.546 1.958674 1.9930135 1.385482 0.29576966
8842.122 2.3113399 2.2648454 1.0489849 0.29890847
8845.698 2.3934937 2.3855917 0.7032166 0.29404494
8849.274 2.5405679 2.4064646 0.79556346 0.30020237
8852.851 2.2619827 2.1966991 0.77254516 0.29146567
8856.427 2.1295469 2.1795952 0.79860204 0.28847983
8860.003 2.7490141 2.6181395 0.9272998 0.30787548
8863.578 1.9937146 2.0395045 0.8691705 0.28515205
8867.154 2.1752625 2.0835 0.97622156 0.2972774
8870.73 2.4723012 2.3705833 0.83664364 0.2992032
8874.307 1.8436408 1.8170903 1.4116017 0.29446295
8877.883 2.7723126 2.7913535 1.5549253 0.31826597
8881.459 1.7463753 1.6044177 1.7347697 0.30283356
8885.035 2.3133876 2.245331 1.7390599 0.31305495
8888.611 2.638088 2.5173907 1.4855772 0.3163784
8892.1875 1.9626657 1.8624084 1.1119308 0.29274207
8895.764 1.8214433 1.7811888 0.96716714 0.28403997
8899.34 1.8285353 1.7233175 1.0430613 0.28814182
8902.915 1.9213973 1.8915377 1.0492271 0.2898085
8906.491 2.1319177 2.134915 1.1806374 0.29546604
8910.067 1.83846 1.6425238 1.5860195 0.301094
8913.644 1.789869 1.6608169 1.8154428 0.30435392
8917.22 1.9579884 2.066298 1.6103401 0.30218852
8920.796 2.049399 2.0512035 1.4234442 0.30242148
8924.372 2.4027538 2.3398185 1.5981174 0.3118139
8927.948 2.0138078 2.0729048 0.7324496 0.28336534
8931.524 2.241813 2.249613 0.49099308 0.28428578
8935.101 2.0757842 2.1099179 0.87684023 0.28771687
8938.677 1.7617995 1.7819542 0.8499538 0.2786715
8942.252 1.881095 1.95034 0.78157353 0.2801389
8945.828 1.9622306 1.9685773 1.0469587 0.2888296
8949.404 2.3513663 2.3248541 1.3366083 0.30530587
8952.98 2.0796523 2.070949 1.4216428 0.29995212
8956.557 1.7183301 1.7580287 1.3200101 0.28782865
8960.133 2.3523526 2.4028811 1.3435203 0.30679187
8963.709 1.8188465 1.7330571 1.168564 0.29171008
8967.285 1.6258584 1.873994 0.39107957 0.2627507
8970.861 1.7007191 1.6535232 0.56502855 0.27276742
8974.4375 1.8701137 1.8017361 0.5368751 0.27515337
8978.014 1.9952275 1.8476732 0.6661558 0.2842056
8981.59 2.0166802 1.9126793 0.81876934 0.28821704
8985.165 1.5290189 1.4570584 0.8346656 0.275038
8988.741 1.3621608 1.4338181 0.86619705 0.26941723
8992.317 1.7758178 1.8001719 1.1195753 0.2866355
8995.894 2.2880373 2.12826 0.92658657 0.29756975
8999.47 1.9580032 1.793839 0.8396291 0.28600648
9003.046 1.3494691 1.1855716 1.1094701 0.2766241
9006.622 1.7313391 1.6061088 0.87310314 0.28206834
9010.198 2.1723294 2.1876423 0.41717154 0.28073448
9013.774 1.8812058 1.834072 0.47468823 0.27453074
9017.351 1.7899671 1.6654415 0.6133199 0.27713546
9020.927 1.6708899 1.5950142 0.48304784 0.2694695
9024.502 1.5630882 1.4352673 0.46678913 0.26706827
9028.078 1.4317188 1.3377501 0.64601165 0.26756585
9031.654 2.089847 2.0716426 0.59376276 0.2825863
9035.23 1.9356793 1.9600971 0.6289087 0.27978432
9038.807 1.7882105 1.6957164 0.7698985 0.27948686
9042.383 1.6209852 1.6166079 0.8480949 0.27669346
9045.959 1.6358234 1.595846 0.8001459 0.27629355
9049.535 1.3466398 1.4893057 0.7257242 0.2629276
9053.111 1.360591 1.4605509 0.67363936 0.2618909
9056.6875 1.48033 1.3640755 0.7325356 0.27094072
9060.264 1.7248135 1.6646533 0.49938136 0.27155125
9063.839 1.6257963 1.5882214 0.45696428 0.26706445
9067.415 1.5900909 1.4886924 0.635008 0.27278867
9070.991 1.8999286 1.8715003 0.46692857 0.27624112
9074.567 1.5860422 1.5812945 0.5612279 0.26886806
9078.144 2.0563252 1.987931 0.5087063 0.2810471
9081.72 1.324055 1.228651 0.6627196 0.26472583
9085.296 1.5131925 1.4889425 0.67084926 0.2697306
9088.872 1.3533511 1.5703436 0.6285004 0.26200786
9092.448 1.6557798 1.7396793 0.3507823 0.26305088
9096.024 1.9184432 1.9163412 0.5135987 0.27549356
9099.601 1.6458582 1.5995152 0.6944718 0.27386227
9103.177 1.522767 1.535115 0.72386914 0.27086177
9106.752 1.3766727 1.3049943 0.5467811 0.26322976
9110.328 1.476351 1.3912214 0.48183107 0.26481524
9113.904 1.7561508 1.7262834 0.53545696 0.27205837
9117.48 1.3142685 1.3543692 0.5416381 0.25897184
9121.057 1.228478 1.2386681 0.35630623 0.2537176
9124.633 1.7653865 1.7447072 0.33828777 0.26852658
9128.209 1.6780525 1.6825416 0.48521814 0.26811105
9131.785 1.4178813 1.3275858 0.49483865 0.26233786
9135.361 1.5308849 1.4361249 0.44079304 0.26553106
9138.9375 1.4696695 1.5231249 0.38686368 0.26013973
9142.514 1.3024193 1.3451387 0.6162425 0.26089364
9146.089 1.5101922 1.4257871 0.61392814 0.26840544
9149.665 1.4204072 1.3090844 0.6468201 0.26663917
9153.241 0.9795733 0.9146175 0.7167127 0.25500962
9156.817 1.5067208 1.5600767 0.49495068 0.26325703
9160.394 1.5341804 1.5203482 0.4920329 0.2651992
9163.97 1.5618739 1.5556563 0.49551114 0.2658782
9167.546 1.7159239 1.6933205 0.5648269 0.2713786
9171.122 1.3902287 1.2268994 0.5955278 0.26651675
9174.698 1.7304885 1.7079891 0.3604806 0.26694456
9178.274 1.9192638 1.809724 0.5068291 0.27785382
9181.851 1.6279731 1.5974985 0.5856331 0.26934153
9185.426 1.4316326 1.4816194 0.40277845 0.2585068
9189.002 1.4792553 1.4562333 0.45422807 0.26324996
9192.578 1.4289429 1.4367446 0.50128657 0.26277724
9196.154 1.3635739 1.4111681 0.4597382 0.25912535
9199.73 1.2596389 1.264059 0.57339966 0.25960213
9203.307 1.6476363 1.561423 0.50106615 0.2699261
9206.883 2.2066386 2.1372447 0.41354898 0.2820798
9210.459 1.7996767 1.7642773 0.522754 0.27423796
9214.035 1.5349808 1.4090086 0.45149633 0.2673283
9217.611 1.5358645 1.5201629 0.49439642 0.26484764
9221.1875 1.2189227 1.2073298 0.54357123 0.2574798
9224.764 1.5187573 1.4340782 0.45343563 0.2641205
9228.339 1.6373199 1.7215385 0.4286493 0.26526475
9231.915 1.7106173 1.6440711 0.3997077 0.2680644
9235.491 1.2050436 1.336823 0.548526 0.2556934
9239.067 1.4793735 1.394505 0.466035 0.26426992
9242.644 1.3502487 1.4196888 0.49162528 0.25902542
9246.22 1.5555781 1.5131761 0.56801546 0.26994798
9249.796 1.359247 1.3337485 0.4571976 0.25966337
9253.372 1.6046255 1.6914624 0.30282614 0.26081043
9256.948 1.2315422 1.0805647 0.5703636 0.26035345
9260.524 0.9292776 0.908609 0.6872407 0.25150788
9264.101 1.2660911 1.1851996 0.57424307 0.2612224
9267.676 1.3290459 1.3818024 0.49896905 0.26334718
9271.252 1.0771776 1.2231505 0.449434 0.25007853
9274.828 0.90710044 0.78162843 0.49012107 0.24800779
9278.404 1.3016458 1.3677752 0.43403354 0.2560242
9281.98 1.587543 1.679786 0.47497356 0.2657765
9285.557 1.5473326 1.4764993 0.5461705 0.26848012
9289.133 0.901385 0.855863 0.58926564 0.24934335
9292.709 1.3116066 1.328896 0.45617744 0.25685638
9296.285 1.1502035 1.0699325 0.7865903 0.26168132
9299.861 1.2547323 1.1583905 1.1944402 0.27316865
9303.4375 1.2771158 1.2787416 1.5066773 0.27988154
9307.013 1.1602565 1.1888686 1.5281795 0.2777337
9310.589 1.0030583 1.0128193 1.7319355 0.2777092
9314.165 0.97901076 0.96372724 1.8416067 0.27983266
9317.741 0.9393863 0.90524936 1.3702171 0.26814103
9321.317 0.7959838 0.86941516 1.0881969 0.2554993
9324.894 0.98473316 1.0035503 1.0247424 0.26015982
9328.47 1.2230889 1.2688379 0.74908644 0.26016733
9332.046 1.183469 1.2524053 0.5176185 0.25417393
9335.622 1.0563407 0.90923554 0.6831793 0.25836116
9339.198 0.8365673 0.8520475 0.6922635 0.24810395
9342.774 0.79215884 0.9285806 0.44911426 0.23887685
9346.351 0.86212707 0.8981826 0.47925034 0.24324596
9349.926 0.82484055 0.8779282 0.6027543 0.24595493
9353.502 1.2645173 1.3607563 0.50710756 0.2558507
9357.078 1.0202152 1.0490638 0.5178554 0.24918647
9360.654 0.7406056 0.5895352 1.3361833 0.2649337
9364.23 1.3221442 1.1803317 2.03139 0.2954486
9367.807 1.0198716 1.0356001 1.951278 0.2806548
9371.383 0.6851436 0.7170074 1.910687 0.27027294
9374.959 0.87602776 0.8440114 1.3527039 0.26529187
9378.535 1.0427862 1.0189116 0.6531918 0.25513956
9382.111 1.0308406 0.9797236 0.5852076 0.25216785
9385.6875 0.89928406 0.92695224 0.67156595 0.25015545
9389.263 1.2636604 1.2016692 0.77111715 0.26491937
9392.839 0.9896663 1.1064727 0.6373145 0.2510807
9396.415 0.9385318 1.0251007 0.714457 0.25116366
9399.991 1.0655874 1.1824348 0.729442 0.25450006
9403.567 0.8846901 1.0688429 0.6306533 0.2471562
9407.144 0.84862787 0.6773116 0.8134445 0.25529107
9410.72 0.8607403 0.9741097 0.7134547 0.24882631
9414.296 0.963102 1.0571176 0.59574515 0.24911767
9417.872 0.8077926 0.8229831 0.57180554 0.24564709
9421.448 0.76920635 0.7510656 1.0609128 0.25590888
9425.024 0.9209412 0.9010504 1.3910369 0.26673216
9428.6 1.1600782 1.098769 1.3706546 0.2755877
9432.176 0.6959154 0.65653175 1.2981585 0.2591986
9435.752 0.89284766 0.9101951 0.8952062 0.25745293
9439.328 0.9062189 0.8339949 0.83939236 0.25713453
9442.904 1.2045034 1.1973944 0.8957621 0.2633559
9446.48 1.0285654 0.9921693 0.7006334 0.25365442
9450.057 0.9906309 1.2786083 0.7776367 0.2516228
9453.633 1.0839131 1.1859257 0.78043497 0.25706425
9457.209 1.0362055 1.1185058 1.1458043 0.2631388
9460.785 0.79148686 0.78427416 1.2949032 0.26253086
9464.361 0.9245393 0.91725594 1.2411581 0.263941
