3398.723 113.586716 105.89929 1.9104302 2.324957
3402.2986 118.20172 111.33658 1.7214694 2.368201
3405.8743 123.13651 115.56686 1.9706665 2.4136343
3409.4502 126.035126 117.875946 2.243764 2.4390821
3413.026 129.12323 120.74411 2.4126325 2.4670694
3416.6016 135.30515 126.49959 2.4550018 2.5224252
3420.1772 139.93118 131.0892 2.1953006 2.5546272
3423.7532 141.02147 132.83171 2.2495503 2.564688
3427.3289 141.13002 132.48076 2.0361927 2.5643315
3430.9045 143.32254 133.55441 1.8231915 2.5781653
3434.4802 149.85545 140.36876 2.4087183 2.6369734
3438.0562 159.16196 150.07378 2.726785 2.7150745
3441.6318 155.43286 146.37665 2.9971335 2.6898153
3445.2075 161.66545 152.01556 2.8138187 2.7342167
3448.7834 175.23534 164.87105 1.9753625 2.8295255
3452.3591 176.80661 166.44469 1.7676585 2.8402345
3455.9348 181.97565 171.73787 2.8211238 2.887537
3459.5105 190.65762 178.7286 1.3342066 2.9341643
3463.0864 191.8746 180.2154 1.7597309 2.9468048
3466.662 195.84497 185.5467 2.8746872 2.986616
3470.2378 205.11522 194.31573 2.331342 3.0468407
3473.8135 205.80615 193.8823 2.364441 3.0505185
3477.3894 208.50465 196.83644 2.430368 3.0705583
3480.965 223.35034 210.44077 1.93601 3.16509
3484.5408 225.94907 213.31506 2.4122264 3.1873806
3488.1165 226.24503 213.94077 2.8757474 3.192385
3491.6924 233.18547 219.7896 2.2346299 3.231105
3495.268 233.34818 220.1979 2.3037403 3.2339032
3498.8438 249.6393 235.7702 3.3705146 3.3455768
3502.4197 250.189 236.19458 2.568769 3.3428388
3505.9954 254.33704 239.00102 2.0749314 3.3639445
3509.571 260.76633 244.62325 2.3813188 3.406793
3513.1467 260.3089 245.10605 2.5947456 3.405868
3516.7227 264.10712 248.76918 3.0969458 3.43201
3520.2983 269.91278 253.02437 3.46087 3.4705257
3523.874 280.2676 262.63724 3.113363 3.5290267
3527.4497 291.02695 273.31204 2.4288414 3.587202
3531.0256 297.95047 279.5903 3.1463416 3.6331716
3534.6013 304.8667 285.3517 3.2643201 3.6741164
3538.177 313.42206 293.55658 2.396718 3.7159822
3541.7527 318.91174 299.2891 3.1913364 3.7509859
3545.3286 325.91406 305.29813 3.1053894 3.7893078
3548.9043 340.63568 319.8812 3.144465 3.8711052
3552.48 340.4983 318.30057 2.645164 3.8661332
3556.0557 348.63867 327.38654 2.4413865 3.9088497
3559.6316 357.0839 335.93988 2.4147635 3.954161
3563.2073 362.87466 340.04535 2.328459 3.9827592
3566.783 379.59024 357.0024 2.8095767 4.0743613
3570.359 382.7469 358.8816 3.0931687 4.0905685
3573.9346 390.50534 366.64996 2.7295291 4.1288357
3577.5103 398.46375 373.72562 3.4051218 4.1730742
3581.086 410.52002 383.4694 3.4977458 4.232076
3584.6619 420.66248 392.39743 3.0106463 4.278968
3588.2375 435.107 407.20667 2.8335397 4.348317
3591.8132 445.27957 417.03915 2.9406593 4.397657
3595.389 447.66647 418.30096 3.271261 4.410297
3598.9648 463.85663 434.31192 3.5474043 4.4887676
3602.5405 467.0604 436.97324 3.0109203 4.4998016
3606.1162 462.96136 432.81476 3.0199091 4.4810095
3609.692 485.24774 453.6574 2.5249612 4.5801597
3613.2678 487.47842 456.3822 3.035527 4.5946503
3616.8435 502.37192 470.0176 2.71902 4.6588793
3620.4192 513.78467 480.62143 2.8533013 4.7111235
3623.995 524.7421 491.8204 3.549119 4.7629757
3627.5708 543.23413 508.0386 2.530794 4.8370705
3631.1465 536.11096 500.25735 2.005693 4.802492
3634.7222 554.9414 521.1 3.1347063 4.891261
3638.298 567.0177 531.7216 2.8288894 4.940582
3641.8738 572.64044 535.73956 2.7104392 4.962992
3645.4495 585.8406 548.2002 3.880046 5.024859
3649.0251 594.41144 556.5754 3.4505434 5.05773
3652.601 604.4357 564.869 2.766015 5.095334
3656.1768 616.7441 576.9868 3.522748 5.1496696
3659.7524 628.88586 589.35864 3.374108 5.1970687
3663.3281 633.78973 594.7726 2.470705 5.212523
3666.904 636.76227 598.1669 3.0753613 5.2285924
3670.4797 654.52515 613.8629 3.3882146 5.2999477
3674.0554 664.9256 623.7281 2.627264 5.3365374
3677.6313 654.772 613.52625 3.1015801 5.2987704
3681.207 668.46844 626.91876 3.0026684 5.351953
3684.7827 681.5859 640.45746 3.4310808 5.406331
3688.3584 690.1388 647.58875 2.723132 5.4345813
3691.9343 693.3257 650.25287 3.623741 5.451493
3695.51 720.91656 676.6706 3.14002 5.553302
3699.0857 740.0465 694.0178 3.6356251 5.62765
3702.6614 731.3935 687.7538 4.2303724 5.5979843
3706.2373 744.567 699.5686 2.9864547 5.640218
3709.813 764.59875 717.3342 2.6273792 5.7123504
3713.3887 778.60754 731.05914 3.5918872 5.7673807
3716.9644 791.2221 743.3916 3.0922978 5.810711
3720.5403 792.5036 746.5439 3.0424469 5.8158045
3724.116 810.145 762.70404 3.9824665 5.882624
3727.6917 824.8364 774.6735 3.7235837 5.9326453
3731.2676 822.3722 774.2161 3.973398 5.925114
3734.8433 855.5152 805.15247 3.0085807 6.036359
3738.419 868.7454 818.0387 3.2311149 6.082954
3741.9946 886.94086 836.33093 3.2651582 6.145239
3745.5706 906.8283 854.93304 3.5320842 6.2134023
3749.1462 892.28217 842.84607 3.2803407 6.1637306
3752.722 902.2783 850.53815 2.898946 6.1951404
3756.2976 883.1636 832.38525 3.2652566 6.1319404
3759.8735 890.98694 842.0787 4.0083857 6.162273
3763.4492 919.405 868.3042 3.9353096 6.2571535
3767.025 933.63153 882.5187 4.0796475 6.3055887
3770.6006 974.3491 920.5587 3.057761 6.433994
3774.1765 997.12573 941.2832 3.5844178 6.5093513
3777.7522 1024.267 968.4432 4.2847443 6.599088
3781.328 1031.889 973.3334 3.6509984 6.6202054
3784.9036 1029.0289 969.05536 3.341211 6.609168
3788.4795 1044.8773 986.1799 4.1369305 6.6631093
3792.0552 1050.213 989.9177 3.9597769 6.678913
3795.6309 1052.7167 991.08966 4.2426057 6.6873145
3799.2068 1037.9661 978.8498 3.6619818 6.6390576
3802.7825 1042.3657 981.9645 4.1701765 6.6551576
3806.3582 1041.468 980.8785 4.3475246 6.653108
3809.9338 1042.8884 980.7825 4.1042457 6.656136
3813.5098 1077.1503 1011.0933 3.9113646 6.7612205
3817.0854 1125.1782 1059.1487 3.8264458 6.9074593
3820.6611 1160.9199 1091.5424 3.6987653 7.014148
3824.2368 1202.6006 1130.0559 3.2847166 7.13506
3827.8127 1195.695 1126.3809 3.8618116 7.1178102
3831.3884 1226.1115 1154.4835 4.1671247 7.2070026
3834.964 1273.5011 1198.4689 3.8851802 7.342724
3838.5398 1283.2981 1206.0635 3.814868 7.369413
3842.1157 1291.7847 1215.3925 3.7690856 7.3934326
3845.6914 1288.3662 1210.6481 3.6821163 7.3830886
3849.267 1302.3528 1223.8903 3.676832 7.4223976
3852.843 1323.4797 1245.1771 4.2031612 7.483535
3856.4187 1323.895 1243.78 3.4611108 7.4818516
3859.9944 1260.2234 1183.7168 4.040553 7.3034644
3863.57 1241.4863 1164.5076 4.3628855 7.2516303
3867.146 1236.2756 1161.1486 4.3982286 7.2365685
3870.7217 1222.11 1148.0771 4.242317 7.1953073
3874.2974 1248.7744 1173.4971 4.148332 7.2718396
3877.873 1283.9193 1205.3142 4.1401076 7.371731
3881.449 1354.629 1269.8698 3.7584543 7.5670133
3885.0247 1385.849 1301.408 3.571274 7.6525536
3888.6003 1449.5724 1361.5212 3.286576 7.822524
3892.176 1497.078 1409.8387 4.226389 7.9524536
3895.752 1523.2493 1430.419 4.584129 8.021311
3899.3276 1550.7416 1457.7008 4.4037986 8.091644
3902.9033 1543.9592 1451.3868 4.654098 8.075293
3906.4792 1551.1329 1456.5012 2.7197287 8.086565
3910.055 1581.0391 1484.7935 4.9888597 8.171253
3913.6306 1593.5621 1498.5905 4.2559814 8.200665
3917.2063 1619.8596 1522.409 4.2234607 8.26704
3920.7822 1622.859 1526.3778 4.050363 8.274097
3924.358 1621.6978 1527.3954 3.8631818 8.270838
3927.9336 1646.8052 1550.7384 3.7952623 8.333516
3931.5093 1626.308 1531.3319 3.8389952 8.281904
3935.0852 1668.3757 1570.9663 4.848473 8.390517
3938.661 1675.4296 1576.3003 4.209141 8.40576
3942.2366 1648.0853 1550.9248 4.70347 8.338955
3945.8123 1647.0653 1552.8174 3.970918 8.334343
3949.3882 1629.1671 1535.739 4.833304 8.292266
3952.9639 1601.6669 1507.6945 4.587931 8.222352
3956.5396 1543.2753 1453.5343 3.5990424 8.06884
3960.1155 1445.4894 1360.8912 3.7175832 7.81285
3963.6912 1411.4905 1329.1066 4.2969494 7.7232957
3967.2668 1427.8221 1347.2089 4.5530467 7.768918
3970.8425 1510.6718 1423.7611 4.0576396 7.9857106
3974.4185 1612.6274 1524.4181 3.6476977 8.246827
3977.9941 1693.6488 1600.4777 4.4944506 8.451736
3981.5698 1761.3865 1662.686 3.6134706 8.61399
3985.1455 1781.9015 1683.056 3.4543872 8.6629
3988.7214 1797.9065 1698.7925 4.205191 8.703454
3992.297 1845.1156 1743.9574 3.8916762 8.814897
3995.8728 1879.4858 1775.6183 5.0392385 8.899153
3999.4485 1887.1145 1784.909 4.3434563 8.915115
4003.0244 1930.818 1826.2971 5.3075056 9.019625
4006.6 1944.2518 1840.3046 4.8534813 9.049088
4010.1758 1917.7662 1815.4596 5.0170565 8.988135
4013.7515 1941.9194 1840.8499 4.3118935 9.0420475
4017.3274 1955.195 1850.9883 4.222803 9.072404
4020.903 1972.4094 1869.9695 4.3873043 9.1121025
4024.4788 1954.2021 1853.4688 4.5046773 9.070464
4028.0547 1992.0039 1888.9694 5.0659738 9.158189
4031.6304 1983.6444 1882.5553 5.0826397 9.139861
4035.206 2025.4852 1923.8132 5.0176845 9.234404
4038.7817 2010.708 1909.1548 4.8217454 9.20057
4042.3577 2023.4307 1919.7411 4.8640356 9.229226
4045.9333 2050.188 1944.5084 4.599348 9.288464
4049.509 2041.1027 1936.6165 4.94533 9.26928
4053.0847 2083.9817 1974.2659 4.3444176 9.363344
4056.6606 2093.1514 1982.6589 5.006834 9.385568
4060.2363 2109.3877 2000.9545 4.866752 9.420938
4063.812 2097.8792 1986.0924 4.5685196 9.394446
4067.3877 2144.2214 2029.4735 3.2433283 9.493098
4070.9636 2118.056 2004.9868 4.7104187 9.439218
4074.5393 2122.007 2009.0837 4.85328 9.448514
4078.115 2146.1887 2031.7019 5.080119 9.502665
4081.691 2132.2742 2019.5442 4.726786 9.471303
4085.2666 2124.7083 2011.7775 5.5027657 9.456543
4088.8423 2108.6157 1994.3501 4.324091 9.4175205
4092.418 2104.0923 1990.2686 4.265606 9.407915
4095.994 2052.3633 1941.1755 4.3047166 9.292188
4099.5693 1978.3962 1870.3458 4.56141 9.125782
4103.1455 1866.1511 1763.1049 5.185562 8.867393
4106.721 1776.0521 1679.876 5.793969 8.654954
4110.297 1775.9121 1677.1713 5.2752857 8.652235
4113.8726 1849.0612 1749.2572 3.8908439 8.823951
4117.448 2029.4193 1917.4752 3.4759881 9.237412
4121.024 2107.1226 1991.7498 4.584543 9.414938
4124.5996 2192.4639 2073.1868 4.721802 9.602222
4128.1753 2227.0664 2106.317 5.38498 9.678794
4131.7515 2266.7446 2142.9692 5.868582 9.765576
4135.327 2272.8506 2149.3171 4.7429824 9.774995
4138.903 2315.0212 2187.9077 5.1123824 9.865487
4142.4785 2306.0374 2179.2908 4.862248 9.845745
4146.054 2327.2957 2201.6226 5.007939 9.89116
4149.63 2352.3672 2225.8474 4.7654643 9.943476
4153.2056 2388.9497 2257.7795 4.348752 10.0181675
4156.7817 2383.2173 2249.192 4.9056153 10.00774
4160.3574 2398.9138 2266.8933 5.5387983 10.041645
4163.933 2439.2346 2304.6577 4.540616 10.122465
4167.509 2457.6936 2321.9658 5.3733373 10.162852
4171.0845 2464.334 2332.1782 5.5061307 10.176772
4174.66 2457.5125 2324.2605 4.9458084 10.161427
4178.236 2461.739 2328.9724 5.4968743 10.171548
4181.8115 2487.5078 2354.6948 4.9248834 10.222749
4185.3877 2512.0369 2377.1326 5.1711245 10.273112
4188.9634 2477.7786 2344.709 3.888542 10.200027
4192.539 2491.845 2359.75 4.9284062 10.231587
4196.1147 2470.8096 2340.4487 6.21673 10.191977
4199.6904 2474.5315 2344.2214 5.0455146 10.196517
4203.266 2467.227 2337.3328 5.2168307 10.18195
4206.842 2458.1843 2328.5356 5.1279593 10.162941
4210.418 2428.8274 2301.6492 4.6780887 10.101487
4213.9937 2428.745 2299.8564 4.2832003 10.0999365
4217.5693 2433.4692 2307.6052 5.5850644 10.113271
4221.145 2466.0308 2336.814 5.636982 10.180155
4224.7207 2445.259 2317.5757 4.5268583 10.134559
4228.2964 2478.846 2350.1108 4.7394366 10.204066
4231.872 2505.587 2377.5652 5.444318 10.260274
4235.4478 2497.8584 2369.901 5.2899094 10.244134
4239.024 2529.4817 2399.1165 5.5813637 10.308866
4242.5996 2547.7014 2418.8003 4.9978666 10.344406
4246.1753 2567.1626 2436.033 4.334764 10.381268
4249.751 2571.3352 2441.1653 5.27423 10.392231
4253.3267 2594.0952 2465.727 5.2373724 10.438033
4256.9023 2628.2483 2498.782 4.5235195 10.504221
4260.478 2614.7964 2484.3203 5.309433 10.479026
4264.054 2611.2588 2482.8657 5.6208253 10.472597
4267.63 2639.8982 2509.9666 4.771225 10.527762
4271.2056 2683.6765 2555.7915 5.223975 10.615329
4274.7812 2668.1729 2538.6924 5.7804017 10.585474
4278.357 2684.0576 2554.98 4.9588284 10.614966
4281.9326 2700.7764 2572.2815 4.9760284 10.647867
4285.5083 2724.564 2597.8818 5.233276 10.695018
4289.084 2700.3525 2576.3103 5.735207 10.648801
4292.66 2710.5122 2584.6482 4.8541303 10.666434
4296.236 2713.2393 2588.5962 5.699645 10.673774
4299.8115 2702.4973 2576.9895 4.988172 10.651064
4303.387 2673.6501 2551.881 5.306151 10.59512
4306.963 2697.978 2575.8262 4.979226 10.641943
4310.5386 2700.6118 2576.884 4.478152 10.645974
4314.1143 2688.2092 2567.7434 6.0071626 10.625596
4317.6904 2700.3743 2580.9863 5.1330166 10.6472845
4321.266 2733.5234 2614.0173 5.468341 10.71302
4324.842 2722.0505 2602.0186 4.9671693 10.689074
4328.4175 2696.8938 2579.294 4.883056 10.639742
4331.993 2696.4944 2577.168 4.9000807 10.63892
4335.569 2657.76 2538.4248 5.5541244 10.56441
4339.1445 2570.1672 2454.7256 5.9147735 10.390899
4342.72 2472.3865 2358.5164 5.09471 10.190877
4346.2964 2277.9248 2176.0205 5.6534853 9.7864275
4349.872 2112.1875 2015.9933 4.526997 9.424306
4353.4478 2105.1023 2008.3286 5.259098 9.410627
4357.0234 2231.334 2129.929 5.811073 9.687149
4360.599 2406.043 2295.3923 5.665258 10.055781
4364.175 2525.3992 2408.5186 5.7072825 10.300251
4367.7505 2624.8892 2504.7012 6.0144076 10.500293
4371.3267 2652.391 2525.235 5.0795574 10.552311
4374.9023 2707.5498 2579.956 5.189877 10.660705
4378.478 2728.272 2600.9756 4.976225 10.7008295
4382.0537 2751.3914 2620.4934 5.56716 10.747262
4385.6294 2758.4587 2630.1653 5.0531907 10.759725
4389.205 2801.7942 2671.8015 4.0214615 10.840868
4392.781 2784.068 2653.1123 5.2493453 10.8093815
4396.3564 2791.0886 2660.304 5.22092 10.8229685
4399.9326 2818.3748 2687.7476 5.9307785 10.877186
4403.5083 2796.3555 2663.7766 5.6987762 10.83417
4407.084 2796.9956 2665.3835 5.655926 10.835346
4410.6597 2794.0237 2661.8845 5.773088 10.829819
4414.2354 2833.3887 2698.9382 5.6868124 10.905447
4417.811 2838.8486 2705.9324 5.9794264 10.916306
4421.3867 2859.5537 2721.0417 6.023086 10.955859
4424.963 2819.7493 2685.4688 4.8844447 10.877016
4428.5386 2830.311 2696.8755 6.705065 10.901538
4432.1143 2822.3901 2688.8584 5.8640723 10.884321
4435.69 2810.068 2676.629 5.187061 10.85914
4439.2656 2836.6484 2703.056 7.059171 10.91442
4442.8413 2849.2747 2713.5513 5.4991217 10.934611
4446.417 2846.484 2712.3462 6.542733 10.932001
4449.9927 2847.5398 2714.4995 5.6462765 10.931637
4453.569 2874.2268 2735.24 5.9059567 10.983217
4457.1445 2862.7754 2727.8433 6.345476 10.9621725
4460.72 2874.2402 2739.2268 5.8492913 10.982797
4464.296 2858.0122 2723.426 4.7058363 10.9493685
4467.8716 2851.2717 2717.3882 5.8720884 10.939178
4471.4473 2856.5059 2723.7456 6.1491814 10.949775
4475.023 2854.8826 2723.1128 5.2138686 10.944977
4478.599 2800.4414 2671.188 5.2572103 10.840763
4482.175 2774.4902 2645.2336 5.346753 10.790815
4485.7505 2794.2668 2661.9292 6.2913394 10.830933
4489.326 2839.8088 2708.596 6.2961707 10.918407
4492.902 2847.1436 2714.8235 5.5441194 10.930307
4496.4775 2873.637 2740.9553 5.2965956 10.980441
4500.053 2862.7036 2731.8308 5.9081683 10.960997
4503.629 2858.703 2728.1887 6.8310723 10.95556
4507.205 2862.7622 2732.1887 5.189155 10.959246
4510.781 2855.3977 2725.2935 5.717555 10.946488
4514.3564 2851.679 2721.1792 4.670723 10.936825
4517.932 2888.908 2757.5322 5.976436 11.010724
4521.508 2882.0571 2751.886 5.8447223 10.997379
4525.0835 2905.0906 2775.6309 6.0556874 11.041687
4528.659 2920.864 2791.3616 6.1838984 11.071561
4532.2354 2911.5237 2782.1821 5.76194 11.052916
4535.811 2928.1226 2798.0337 5.885114 11.08429
4539.3867 2910.5168 2778.7651 5.3098025 11.04996
4542.9624 2911.7144 2785.466 5.3725796 11.052213
4546.538 2876.0232 2750.9204 5.5696225 10.9853
4550.114 2867.4556 2741.4268 5.5223374 10.968751
4553.6895 2870.291 2746.1128 5.687285 10.9746
4557.265 2878.419 2754.501 6.207757 10.991001
4560.8413 2899.1396 2771.8345 6.4459124 11.030822
4564.417 2940.8184 2814.7778 5.254419 11.106586
4567.9927 2955.2852 2829.5146 5.7879815 11.134714
4571.5684 2956.2156 2832.4497 5.369021 11.135874
4575.144 2951.8115 2827.5923 5.3174996 11.127174
4578.7197 2935.4604 2813.5562 5.4012837 11.096784
4582.2954 2947.3313 2825.5957 5.347124 11.119153
4585.871 2943.3237 2823.242 5.4341373 11.111866
4589.4473 2945.3508 2825.3655 6.043741 11.1168375
4593.023 2957.2402 2836.1013 5.767702 11.138421
4596.5986 2933.5945 2817.392 6.6044044 11.096148
4600.1743 2949.5557 2832.3757 5.7865276 11.123959
4603.75 2936.9736 2821.6584 5.6853857 11.100046
4607.3257 2936.914 2821.9055 6.0673585 11.100787
4610.9014 2935.7188 2821.0789 5.248986 11.096919
4614.4775 2896.613 2783.8354 5.8769283 11.024405
4618.053 2924.8938 2812.3318 5.149997 11.076015
4621.629 2902.1497 2792.305 5.445706 11.034013
4625.2046 2917.8982 2808.4368 4.596732 11.06184
4628.7803 2904.3765 2797.592 6.27429 11.040012
4632.356 2918.186 2809.3315 6.2806478 11.066021
4635.9316 2907.2378 2800.0337 5.3589516 11.043345
4639.5073 2921.2222 2810.3384 5.456797 11.069932
4643.0835 2914.177 2803.436 5.6480107 11.057048
4646.659 2932.753 2823.962 4.987634 11.090534
4650.235 2958.3508 2848.1218 5.4566145 11.139525
4653.8105 2943.4927 2832.1355 6.778848 11.114803
4657.386 2990.0317 2877.0 6.349071 11.200736
4660.962 2974.5603 2861.3574 5.5428443 11.170046
4664.5376 2973.4644 2861.8223 6.3548408 11.169619
4668.114 2963.699 2849.222 5.318777 11.148739
4671.6895 2990.076 2876.7117 6.2963896 11.2006855
4675.265 2963.7305 2847.4138 5.486701 11.149503
4678.841 2986.6387 2870.9697 5.709733 11.192813
4682.4165 2897.4885 2784.2717 5.822065 11.025642
4685.992 2754.8909 2649.1926 5.9092064 10.753417
4689.568 2654.279 2549.4675 6.283081 10.556899
4693.1436 2703.059 2597.8042 5.732766 10.651752
4696.7197 2839.5596 2729.2112 6.168699 10.916804
4700.2954 2918.0107 2805.0613 4.711973 11.062
4703.871 2963.9248 2846.077 4.9183755 11.148424
4707.447 2962.6426 2845.9075 5.235618 11.146898
4711.0225 2968.0088 2851.356 5.2580514 11.156812
4714.598 2965.3809 2846.6106 6.2680097 11.154323
4718.174 2987.1208 2868.4539 5.943755 11.194264
4721.75 2970.9739 2853.4353 5.3369493 11.1627035
4725.3257 2958.6013 2837.687 5.674686 11.140258
4728.9014 2985.9458 2865.3906 5.4163895 11.190538
4732.477 2964.0034 2846.4465 5.876096 11.150748
4736.0527 2948.3206 2830.0706 5.553002 11.120535
4739.6284 2944.9644 2824.617 5.3179865 11.113785
4743.204 2938.8342 2820.9888 5.484344 11.102818
4746.78 2932.7803 2814.721 5.541261 11.091289
4750.356 2932.482 2814.9324 5.5125504 11.090803
4753.9316 2941.5723 2823.203 5.5744076 11.107856
4757.5073 2935.599 2817.642 6.0580473 11.097929
4761.083 2898.6118 2783.879 6.1184835 11.028204
4764.6587 2900.482 2783.6682 5.99979 11.031304
4768.2344 2918.7212 2801.2695 5.3218265 11.064433
4771.81 2906.8772 2790.335 6.0361886 11.043629
4775.386 2904.2007 2786.9841 5.4512076 11.037148
4778.962 2901.8904 2784.4924 5.6372876 11.033146
4782.5376 2892.0664 2776.1316 5.820486 11.015297
4786.1133 2931.3376 2814.3267 5.5357375 11.08834
4789.689 2894.071 2778.6929 5.2250957 11.0175495
4793.2646 2895.8796 2779.8784 5.2750797 11.021156
4796.8403 2913.0635 2798.9854 4.916519 11.052938
4800.416 2910.8965 2794.71 4.915594 11.0485525
4803.992 2893.6719 2777.9404 5.188984 11.016646
4807.568 2892.7039 2777.161 6.155072 11.016985
4811.1436 2902.0996 2786.4932 5.523321 11.033229
4814.719 2906.3022 2790.279 5.4252524 11.041194
4818.295 2877.7896 2763.0068 5.863207 10.987887
4821.8706 2882.4739 2768.7307 5.9206247 10.996948
4825.4463 2882.9365 2767.9932 6.13459 10.998426
4829.0225 2869.5186 2757.0022 6.2387214 10.97323
4832.598 2855.6436 2744.5942 6.7883773 10.947776
4836.174 2841.6533 2729.8523 5.838639 10.919303
4839.7495 2797.307 2687.3875 6.180303 10.834943
4843.325 2786.2732 2678.0417 5.5057364 10.812277
4846.901 2724.2654 2617.545 5.981824 10.693194
4850.4766 2630.6758 2528.5896 5.6011124 10.508378
4854.0522 2507.193 2410.5159 5.792934 10.261727
4857.6284 2293.8496 2205.2178 5.8983564 9.817864
4861.204 2187.779 2103.412 6.211883 9.591413
4864.78 2249.972 2162.9905 5.7725863 9.724454
4868.3555 2409.6003 2319.5452 5.5329013 10.060089
4871.931 2575.215 2476.601 5.55331 10.397832
4875.507 2675.1084 2573.987 5.2980323 10.595334
4879.0825 2737.9263 2633.3918 5.829816 10.71941
4882.6587 2748.633 2644.5686 5.984516 10.740445
4886.2344 2779.0547 2674.4294 6.518328 10.800371
4889.81 2783.7673 2679.0024 6.263995 10.808967
4893.3857 2798.7527 2693.3643 5.9205194 10.836967
4896.9614 2797.9858 2692.6853 5.7836823 10.835319
4900.537 2830.6924 2725.011 6.115874 10.898613
4904.113 2798.326 2693.817 5.6104436 10.835362
4907.6885 2814.8435 2710.1274 5.4543405 10.867085
4911.2646 2823.7139 2719.301 5.8619905 10.884599
4914.8403 2821.9338 2718.8904 5.210396 10.879964
4918.416 2794.3381 2692.0315 5.3613105 10.827255
4921.9917 2811.4373 2706.9285 5.8948545 10.861318
4925.5674 2809.9832 2708.8088 6.0465784 10.858809
4929.143 2828.2463 2726.864 5.6063604 10.892902
4932.7188 2811.8933 2711.9194 4.570239 10.859141
4936.295 2817.9976 2717.4636 5.8441515 10.873883
4939.8706 2802.2341 2702.4934 6.04485 10.843849
4943.4463 2808.5925 2709.9507 6.213611 10.856506
4947.022 2810.8735 2713.7153 5.0019336 10.858174
4950.5977 2803.6768 2707.95 5.861838 10.846106
4954.1733 2804.1514 2706.7378 5.674144 10.846697
4957.749 2811.1072 2714.0815 5.8751054 10.860705
4961.3247 2790.7966 2693.947 5.639068 10.820932
4964.901 2801.7856 2706.1057 3.9424505 10.83823
4968.4766 2814.7288 2719.7053 5.326759 10.866224
4972.0522 2802.8333 2707.8933 5.631427 10.844007
4975.628 2773.9624 2679.714 5.0853167 10.78722
4979.2036 2793.7444 2700.858 5.2003098 10.825683
4982.7793 2749.2317 2655.9287 4.743569 10.738321
4986.355 2769.9778 2680.7227 5.913826 10.781474
4989.931 2771.797 2680.7366 5.0743914 10.782947
4993.507 2756.9514 2667.8628 5.9627843 10.756126
4997.0825 2789.106 2701.2522 5.781346 10.817959
5000.658 2765.0693 2677.5713 5.7158127 10.771373
5004.234 2758.1218 2668.89 5.449676 10.757145
5007.8096 2762.2058 2671.0076 5.1340876 10.764514
5011.3853 2735.861 2650.7551 5.534086 10.714299
5014.961 2726.5388 2642.2346 5.7201314 10.69658
5018.537 2747.566 2662.8403 5.5217195 10.737389
5022.113 2710.975 2626.783 6.341764 10.667925
5025.6885 2755.0852 2669.866 5.5682707 10.751616
5029.264 2737.3682 2654.6082 5.227823 10.716453
5032.84 2727.0535 2645.6702 5.111384 10.696278
5036.4155 2716.045 2632.4092 4.7889595 10.673725
5039.991 2709.7969 2627.696 5.428315 10.66315
5043.567 2724.4963 2641.8992 5.476711 10.691983
5047.143 2720.8708 2639.3333 5.8309317 10.68589
5050.7188 2710.1724 2628.8542 5.341991 10.663631
5054.2944 2706.5652 2622.5505 5.935367 10.658072
5057.87 2741.2285 2655.2832 6.0085044 10.725776
5061.446 2718.2673 2633.226 5.4019847 10.679593
5065.0215 2715.018 2628.9216 5.03496 10.6725445
5068.597 2689.1282 2604.516 6.161704 10.62438
5072.1733 2703.9592 2618.9177 6.2630005 10.653772
5075.749 2703.202 2617.4976 5.2038097 10.649698
5079.3247 2690.693 2606.002 5.0987887 10.624997
5082.9004 2685.266 2600.0989 5.027461 10.614046
5086.476 2704.7502 2617.1318 5.898829 10.654242
5090.052 2682.8542 2595.5225 5.079968 10.609575
5093.6274 2673.6716 2588.771 5.6405077 10.592615
5097.203 2665.6406 2576.0955 5.167717 10.575907
5100.7793 2671.3135 2585.9248 5.6789956 10.588102
5104.355 2672.7017 2585.5925 5.9701023 10.591729
5107.9307 2684.6396 2598.2202 5.981212 10.615353
5111.5063 2658.07 2573.5696 6.052455 10.563122
5115.082 2664.6746 2577.4675 5.87591 10.575587
5118.6577 2643.3157 2558.563 5.7562637 10.533134
5122.2334 2666.3992 2579.016 6.6856747 10.580842
5125.8096 2663.4382 2574.9475 5.548694 10.572369
5129.3853 2676.8113 2589.144 5.553519 10.598665
5132.961 2656.865 2569.1519 5.079575 10.558163
5136.5366 2639.688 2553.1733 5.259498 10.524826
5140.1123 2625.732 2540.4004 5.5379887 10.497638
5143.688 2659.0388 2569.5042 4.6047807 10.561384
5147.2637 2659.2808 2570.1707 6.2286882 10.565795
5150.8394 2645.14 2557.078 5.643219 10.536361
5154.4155 2626.8103 2538.8027 5.5717177 10.500037
5157.991 2615.1826 2529.5679 5.302674 10.476236
5161.567 2630.43 2540.4353 5.25453 10.506432
5165.1426 2641.841 2553.3372 3.7979674 10.525832
5168.7183 2629.2556 2540.1096 4.751389 10.503003
5172.294 2620.922 2532.7935 4.6660376 10.486298
5175.8696 2628.0393 2540.6892 5.666183 10.502864
5179.446 2608.9028 2520.4993 4.2331553 10.461168
5183.0215 2611.4507 2524.1636 5.1471643 10.468167
5186.597 2578.365 2494.1501 4.573768 10.40105
5190.173 2609.7327 2521.7078 5.879237 10.466872
5193.7485 2603.1611 2514.6887 5.4237294 10.452742
5197.324 2597.7466 2509.1475 4.802101 10.440373
5200.9 2589.8445 2501.6702 5.6286774 10.426664
5204.4756 2576.7393 2489.6555 6.259502 10.401812
5208.052 2568.867 2483.0361 6.07567 10.385388
5211.6274 2575.6162 2487.9534 4.915206 10.396323
5215.203 2564.2185 2476.6436 4.7095304 10.373193
5218.779 2598.6763 2510.1997 5.413055 10.443356
5222.3545 2582.6572 2493.9927 5.612893 10.411877
5225.93 2564.3923 2479.2693 5.3420496 10.374809
5229.506 2554.5396 2467.6885 4.872243 10.353823
5233.082 2569.8745 2483.2192 6.357367 10.388061
5236.6577 2566.8523 2480.488 5.518424 10.380123
5240.2334 2561.9114 2475.4473 6.0382147 10.371432
5243.809 2554.3882 2469.8862 5.427511 10.354705
5247.385 2530.4424 2446.711 5.32648 10.306039
5250.9604 2517.6804 2431.9016 5.4060297 10.280414
5254.536 2543.935 2457.8503 4.6397834 10.332091
5258.112 2533.1934 2447.9246 6.4739685 10.314799
5261.688 2508.6296 2423.7717 3.6414268 10.258003
5265.2637 2511.114 2426.2202 5.128593 10.266704
5268.8394 2527.5886 2443.0637 5.103798 10.2999935
5272.415 2522.6602 2438.9172 5.4890633 10.290759
5275.9907 2521.8882 2437.6392 4.4326406 10.286997
5279.5664 2506.0168 2422.4072 4.95523 10.255816
5283.142 2519.6138 2434.981 4.699147 10.282676
5286.7183 2515.2695 2430.8765 4.822743 10.274318
5290.294 2490.4963 2407.95 5.268596 10.225011
5293.8696 2504.189 2420.773 5.153481 10.252641
5297.4453 2503.253 2420.5906 5.076682 10.250704
5301.021 2493.1582 2410.339 4.1618214 10.2280655
5304.5967 2493.7847 2410.4487 5.0139136 10.231093
5308.1724 2470.2844 2388.9268 5.1933656 10.183618
5311.748 2468.7983 2387.6765 4.8731146 10.17958
5315.324 2472.393 2389.893 5.028166 10.1876545
5318.9 2487.0232 2403.7869 5.034663 10.217585
5322.4756 2470.921 2390.178 4.081586 10.182314
5326.0513 2476.0254 2395.3982 5.239353 10.195625
5329.627 2450.3276 2372.3313 5.1934505 10.1428
5333.2026 2468.7324 2388.4033 5.008717 10.180151
5336.7783 2451.7832 2371.8718 3.6370826 10.141783
5340.3545 2447.784 2367.3752 5.1128526 10.137347
5343.93 2444.5205 2366.0923 4.838064 10.129879
5347.506 2456.7126 2376.8352 4.1672573 10.153372
5351.0815 2463.3774 2384.1787 5.2823696 10.169773
5354.657 2437.9758 2361.2495 5.730927 10.118742
5358.233 2440.2324 2361.8586 5.6150603 10.122967
5361.8086 2433.0469 2355.135 5.076913 10.106814
5365.3843 2423.6538 2345.7312 4.889014 10.086949
5368.9604 2431.9849 2354.5706 4.399553 10.10323
5372.536 2433.343 2355.2988 4.6037626 10.106613
5376.112 2422.5469 2344.3374 4.5973034 10.084085
5379.6875 2420.484 2343.0122 5.101451 10.081015
5383.263 2414.5063 2337.889 5.085102 10.068802
5386.839 2400.5898 2325.799 5.2452073 10.040045
5390.4146 2375.8591 2303.3926 5.7186713 9.989848
5393.9907 2396.5479 2321.686 5.4553022 10.032444
5397.5664 2377.6719 2302.9666 5.2002482 9.992481
5401.142 2317.9817 2245.463 5.1529727 9.867031
5404.718 2260.4392 2190.6636 5.869956 9.746579
5408.2935 2239.471 2169.5698 5.1477103 9.699762
5411.869 2259.2441 2188.591 4.6264377 9.740865
5415.445 2324.6487 2253.328 5.081293 9.880827
5419.0205 2346.6084 2274.4458 4.93073 9.926765
5422.5967 2349.196 2277.172 5.517652 9.933562
5426.1724 2351.2249 2280.4128 5.235634 9.937034
5429.748 2361.5469 2293.5088 3.4218678 9.954367
5433.3237 2368.019 2297.4614 5.2047234 9.972304
5436.8994 2361.459 2290.7612 5.1539516 9.95828
5440.475 2355.6575 2285.952 3.8401043 9.94325
5444.051 2342.125 2272.88 5.1056724 9.91754
5447.627 2316.9473 2245.4683 4.916509 9.864661
5451.2026 2370.42 2300.5466 4.5107803 9.975666
5454.7783 2335.1016 2267.3867 4.4470396 9.901382
5458.354 2338.3318 2271.2532 5.132831 9.910032
5461.9297 2295.996 2230.1802 5.4436507 9.821265
5465.5054 2329.7048 2262.2036 4.705871 9.89063
5469.081 2305.6777 2240.1094 4.5920725 9.839468
5472.6567 2339.5452 2271.529 5.080727 9.912488
5476.233 2338.1814 2270.5789 5.0510135 9.909523
5479.8086 2310.2705 2244.2407 4.8473287 9.849962
5483.3843 2300.1125 2234.6946 4.1574793 9.827091
5486.96 2313.8992 2250.311 4.6010327 9.857053
5490.5356 2302.3892 2235.792 3.9922597 9.831355
5494.1113 2297.8562 2235.914 5.2094226 9.824581
5497.687 2299.5078 2237.8037 4.897116 9.827369
5501.2627 2307.4255 2242.2412 5.5563426 9.845733
5504.839 2312.0642 2248.826 5.299036 9.855086
5508.4146 2275.0908 2214.5667 5.1674266 9.776264
5511.99 2272.7031 2210.1938 4.8885283 9.770363
5515.566 2277.7578 2214.6946 4.621397 9.780367
5519.1416 2285.349 2223.4348 4.427696 9.796132
5522.7173 2261.2651 2199.4055 4.655927 9.745411
5526.293 2266.9268 2205.9001 4.9128065 9.758294
5529.869 2279.3665 2221.1248 5.181121 9.785618
5533.445 2270.494 2210.8792 4.8139367 9.76567
5537.0205 2251.8945 2193.9128 4.7842298 9.725814
5540.596 2244.999 2186.9001 5.0556936 9.71171
5544.172 2254.8665 2195.3367 3.6422963 9.729418
5547.7476 2239.642 2183.1628 3.2895224 9.696014
5551.323 2243.7336 2183.5916 3.9726548 9.706233
5554.899 2227.0825 2169.6035 4.660306 9.671908
5558.475 2235.7363 2178.105 5.3081226 9.692259
5562.051 2245.7534 2185.8674 5.726581 9.715163
5565.6265 2252.4111 2192.6008 5.5550466 9.728653
5569.202 2248.7117 2190.386 8.483307 9.727867
5572.778 2224.5386 2166.0513 10.257266 9.68052
5576.3535 2229.8396 2171.927 10.04312 9.691289
5579.929 2215.0933 2157.4082 9.60701 9.658674
5583.5054 2197.0667 2141.3145 7.585154 9.614745
5587.081 2197.6458 2144.0024 4.893491 9.609083
5590.6567 2217.8367 2161.9128 4.3719244 9.651636
5594.2324 2176.0015 2117.3823 4.4120607 9.560874
5597.808 2203.311 2143.5247 4.3773184 9.620001
5601.384 2192.9072 2136.6985 4.862608 9.599028
5604.9595 2178.0042 2120.2034 5.408175 9.567948
5608.535 2180.2212 2119.61 3.9032588 9.568812
5612.1113 2174.78 2118.4365 4.9801683 9.55979
5615.687 2155.1184 2094.835 4.5581946 9.515895
5619.2627 2145.131 2083.947 4.3801403 9.49314
5622.8384 2156.7056 2097.197 5.2750998 9.521605
5626.414 2166.306 2106.1519 5.3124332 9.54235
5629.9897 2151.2043 2092.0134 5.0230374 9.508281
5633.5654 2150.2314 2091.6123 4.35837 9.504579
5637.1416 2125.0173 2061.8047 5.514856 9.4520235
5640.7173 2139.5728 2079.4348 4.8890786 9.482614
5644.293 2124.9854 2064.0374 5.402818 9.45165
5647.8687 2136.9573 2075.7515 4.1308107 9.4746275
5651.4443 2117.6643 2056.7793 4.5763173 9.433472
5655.02 2092.2588 2034.307 4.526851 9.377034
5658.5957 2106.959 2047.4432 5.187395 9.411546
5662.1714 2120.4065 2058.4846 4.3906035 9.439023
5665.7476 2121.8213 2060.5579 4.753412 9.443016
5669.323 2112.9077 2053.0354 4.1038213 9.421508
5672.899 2091.8945 2030.9868 3.741442 9.373931
5676.4746 2104.4465 2043.6729 4.1776004 9.403186
5680.0503 2056.6655 1995.3673 3.6222007 9.295403
5683.626 2056.6 1995.6025 4.281076 9.296832
5687.2017 2058.0166 1997.872 4.9053526 9.301839
5690.778 2062.8142 2002.9316 5.0350757 9.312841
5694.3535 2078.819 2019.2021 5.2004857 9.349192
5697.929 2053.3066 1994.0319 4.0850844 9.289137
5701.505 2067.111 2007.5876 4.061717 9.319866
5705.0806 2050.8223 1991.3816 4.4972277 9.284495
5708.6562 2067.3447 2005.2834 4.270732 9.321221
5712.232 2045.6166 1983.5459 4.430759 9.272604
5715.8076 2043.6068 1981.6421 4.163612 9.267402
5719.384 2051.7197 1991.024 4.7685623 9.287292
5722.9595 2024.2028 1963.8561 5.4293294 9.227568
5726.535 2024.7333 1963.9706 4.598371 9.226263
5730.111 2015.281 1954.6683 5.4771237 9.2072735
5733.6865 2022.7069 1960.7477 4.5167046 9.221666
5737.262 2008.8707 1947.2097 4.5344863 9.190014
5740.838 2019.3757 1958.504 4.397131 9.2136545
5744.414 2007.3525 1946.2362 3.3070543 9.183438
5747.9897 2000.3983 1938.8076 4.686717 9.171432
5751.5654 1998.596 1939.0975 4.1074615 9.165892
5755.141 1998.1232 1938.3337 4.231634 9.165144
5758.717 1992.402 1930.1637 2.9001448 9.1485195
5762.2925 1994.8479 1934.787 3.8082106 9.156512
5765.868 1970.1392 1909.8024 4.915368 9.103047
5769.444 1985.9843 1926.4049 4.117371 9.137164
5773.02 1979.5784 1919.7635 4.2932715 9.122967
5776.5957 1958.6808 1898.9062 4.0150576 9.0742235
5780.1714 1973.1292 1914.7612 3.8573117 9.107598
5783.747 1963.4874 1901.0283 4.2295437 9.086167
5787.3228 1971.6783 1911.5078 3.7481532 9.103713
5790.8984 1966.5006 1906.0363 4.2157607 9.093263
5794.474 1962.014 1901.679 3.6432967 9.081255
5798.0503 1965.9736 1904.4144 4.382487 9.092227
5801.626 1952.3823 1892.0826 4.3478866 9.060876
5805.2017 1960.3143 1900.0435 5.2612653 9.081793
5808.7773 1961.3313 1899.0933 5.0630455 9.0836
5812.353 1957.3552 1894.6008 4.5485764 9.072969
5815.9287 1968.2074 1907.0684 5.2735915 9.100008
5819.5044 1970.1895 1907.7753 4.057622 9.100901
5823.08 1944.2428 1883.9587 3.9796808 9.040812
5826.6562 1930.1134 1866.331 4.4695106 9.009564
5830.232 1969.9143 1912.4971 4.0135126 9.099762
5833.8076 2049.4392 2000.4813 4.505179 9.28148
5837.3833 2042.3215 1972.8125 4.538415 9.264187
5840.959 1941.0372 1878.3479 3.7928638 9.0324135
5844.5347 1926.4647 1864.8982 4.2379694 9.001345
5848.1104 1946.061 1884.2087 4.2859225 9.046592
5851.6865 1934.1819 1872.907 4.73585 9.020288
5855.262 1916.1401 1854.8986 4.331338 8.977348
5858.838 1918.493 1856.3121 4.9176693 8.984694
5862.4136 1915.6426 1854.06 3.8426754 8.974873
5865.9893 1911.5901 1849.8726 4.4737744 8.967209
5869.565 1888.7062 1828.7386 4.383153 8.913732
5873.1406 1833.373 1775.266 4.1788964 8.782634
5876.7163 1808.3618 1749.1274 4.744308 8.724608
5880.2925 1845.5637 1785.7726 4.7693157 8.813196
5883.868 1868.6459 1806.9784 5.320148 8.869528
5887.444 1867.3901 1807.578 6.1147976 8.868391
5891.0195 1850.0547 1790.7659 7.135708 8.830484
5894.595 1843.9579 1784.4962 8.280132 8.819613
5898.171 1852.4414 1794.0184 7.1436324 8.836739
5901.7466 1859.5397 1798.9851 6.685056 8.851992
5905.3228 1843.0857 1783.6958 6.296452 8.811748
5908.8984 1854.2338 1793.8153 5.1139436 8.83507
5912.474 1855.1088 1793.7742 4.7460895 8.835957
5916.05 1832.7113 1773.1918 3.5228653 8.779463
5919.6255 1840.6344 1781.6794 4.110238 8.800245
5923.201 1839.3712 1779.5238 4.1652565 8.797283
5926.777 1829.1431 1770.703 3.977983 8.772521
5930.3525 1830.6609 1771.3514 3.6393352 8.775271
5933.9287 1822.0383 1763.2462 4.0968056 8.755874
5937.5044 1807.4701 1749.0669 4.898227 8.723475
5941.08 1822.3695 1763.1029 5.0334506 8.759807
5944.656 1800.9406 1744.046 4.894276 8.70817
5948.2314 1794.642 1735.7137 4.259901 8.691082
5951.807 1793.777 1735.9626 4.36845 8.689307
5955.383 1782.4045 1724.6754 3.9317484 8.660686
5958.9585 1783.7606 1727.3373 4.1454043 8.6649
5962.5347 1779.4761 1724.0248 4.6818967 8.655821
5966.1104 1776.1212 1718.3403 4.1439943 8.646247
5969.686 1777.4833 1719.5024 4.52759 8.650816
5973.2617 1781.3171 1722.6478 4.7701707 8.660411
5976.8374 1775.477 1716.1615 4.398097 8.645499
5980.413 1775.0425 1716.0433 4.45662 8.644757
5983.989 1770.3597 1712.596 3.7287798 8.63112
5987.565 1761.6675 1704.6062 4.8264084 8.613323
5991.1406 1764.2329 1707.0027 3.7743523 8.61642
5994.7163 1743.2585 1686.7699 3.6398938 8.565451
5998.292 1746.3398 1689.1744 3.109715 8.57146
6001.8677 1736.2649 1678.8126 3.4827883 8.547809
6005.4434 1744.3057 1687.3013 3.818449 8.568383
6009.019 1740.8019 1683.797 3.5696898 8.558965
6012.5947 1743.7325 1686.0289 3.7913027 8.566976
6016.171 1733.8203 1677.894 3.937193 8.543561
6019.7466 1717.8284 1660.4426 3.8054497 8.503863
6023.3223 1711.6174 1656.0905 3.5231209 8.48794
6026.898 1718.6464 1661.6797 3.1500301 8.504271
6030.4736 1709.8635 1653.9645 3.1828802 8.482596
6034.0493 1718.6863 1662.0122 4.620324 8.508465
6037.625 1718.097 1660.7239 3.8906355 8.504728
6041.201 1738.6188 1681.3425 4.1043787 8.555667
6044.777 1732.4294 1674.5953 4.0915036 8.540838
6048.3525 1727.0101 1670.5953 4.7223177 8.529781
6051.928 1727.8424 1671.5775 4.233864 8.5299225
6055.504 1728.6014 1670.6836 3.866652 8.530925
6059.0796 1737.7013 1679.5819 2.858285 8.550084
6062.6553 1721.38 1664.2987 3.325177 8.511544
6066.231 1707.6553 1652.2781 3.2112768 8.477733
6069.807 1712.6884 1655.8102 3.4939878 8.490859
6073.383 1710.9955 1653.0593 4.4103317 8.489396
6076.9585 1706.076 1648.9729 3.5459497 8.4745035
6080.534 1707.9 1652.3541 4.1570573 8.480748
6084.11 1702.4447 1644.4863 3.7433102 8.466211
6087.6855 1709.3444 1650.6909 3.5494657 8.48291
6091.261 1709.3944 1653.593 4.1364703 8.485285
6094.8374 1689.6776 1633.8546 4.5218573 8.437418
6098.413 1676.2786 1620.0338 4.0479302 8.402778
6101.989 1695.5643 1639.2443 3.7030058 8.449676
6105.5645 1684.4635 1628.302 4.856221 8.425639
6109.14 1698.999 1642.7858 3.7085 8.458146
6112.716 1712.3905 1654.8325 3.7722304 8.491315
6116.2915 1690.4535 1633.4092 3.8186057 8.437313
6119.867 1676.4263 1618.762 3.0169454 8.400204
6123.4434 1689.292 1634.0789 3.6642365 8.434561
6127.019 1683.3804 1629.2941 3.6894212 8.419676
6130.5947 1681.0221 1626.3751 3.3977842 8.412515
6134.1704 1677.084 1622.7347 3.5962558 8.403735
6137.746 1700.7808 1643.0433 3.3381069 8.46139
6141.322 1681.1045 1623.1196 4.2174187 8.415352
6144.8975 1668.7083 1614.7479 4.1194224 8.385162
6148.4736 1682.0004 1625.662 4.304864 8.4179325
6152.0493 1664.4706 1608.2792 4.577006 8.375729
6155.625 1672.4835 1618.8683 4.1316156 8.394088
6159.2007 1662.2229 1606.4209 3.6050491 8.366979
6162.7764 1664.5515 1609.5974 4.167729 8.374698
6166.352 1655.2314 1601.9468 3.767676 8.350054
6169.9277 1666.7728 1610.4258 3.7305741 8.378887
6173.5034 1652.5015 1597.2987 5.1265483 8.347725
6177.0796 1647.2053 1592.9099 3.4433897 8.329084
6180.6553 1657.0476 1601.5231 3.9420614 8.355166
6184.231 1642.7639 1588.8071 4.705696 8.322349
6187.8066 1632.3286 1579.2692 3.4459176 8.292021
6191.3823 1642.357 1588.6074 3.648689 8.318133
6194.958 1618.6255 1565.1538 4.4676576 8.261018
6198.5337 1622.2186 1569.1069 4.5902596 8.270267
6202.11 1608.4235 1555.5759 3.8424726 8.232909
6205.6855 1612.9418 1559.6566 3.275331 8.242462
6209.261 1610.9658 1560.4171 3.3124423 8.23801
6212.837 1618.2103 1566.7006 3.9709907 8.258236
6216.4126 1605.6764 1553.0948 3.0431385 8.2235365
6219.9883 1586.3013 1532.802 3.049862 8.17481
6223.564 1598.8207 1546.8591 3.0178595 8.206458
6227.1396 1575.8757 1524.0894 4.3644166 8.151982
6230.716 1582.0039 1530.2178 4.3673997 8.16746
6234.2915 1587.6749 1535.4825 4.528253 8.182735
6237.867 1556.8369 1507.353 4.8763967 8.105334
6241.443 1548.4983 1497.9933 4.273411 8.08154
6245.0186 1553.26 1500.104 4.01735 8.092533
6248.594 1545.3595 1495.7231 3.4785085 8.070859
6252.17 1535.5823 1487.1198 4.4314775 8.048743
6255.746 1531.5154 1481.067 3.4813056 8.034834
6259.322 1540.6033 1492.3888 3.714108 8.059651
6262.8975 1534.9717 1484.0288 2.9838743 8.042132
6266.473 1534.2004 1485.2804 4.9205422 8.046884
6270.049 1526.7975 1475.9343 3.1442132 8.0218115
6273.6245 1515.7078 1467.2003 3.9073873 7.995737
6277.2 1491.8131 1443.8126 4.255622 7.934278
6280.776 1466.3785 1416.6805 3.3090105 7.86387
6284.352 1475.864 1429.1383 3.7524292 7.8909025
6287.9277 1478.3759 1432.2073 3.2512052 7.8956003
6291.5034 1494.6593 1443.078 3.693733 7.939625
6295.079 1493.0023 1444.071 3.9752548 7.9365273
6298.655 1477.2388 1429.1986 3.0795755 7.8921847
6302.2305 1493.6565 1445.7462 4.8981557 7.941551
6305.806 1489.7797 1440.9186 5.0691066 7.9320016
6309.3823 1477.6514 1427.4976 3.5997078 7.894373
6312.958 1474.8198 1426.9465 4.2500086 7.8900213
6316.5337 1481.4425 1433.3086 4.6591935 7.90823
6320.1094 1488.3999 1440.5496 4.1710114 7.925541
6323.685 1477.9232 1430.2904 4.349448 7.898379
6327.2607 1472.3053 1423.2305 2.7652063 7.878327
6330.8364 1457.6439 1409.8866 3.7685134 7.8432364
6334.412 1447.5303 1400.0093 3.6442182 7.8148303
6337.9883 1463.641 1416.7905 3.7877753 7.8592334
6341.564 1467.8717 1421.2484 3.374406 7.868669
6345.1396 1469.7972 1421.5426 3.445087 7.873791
6348.7153 1463.2017 1415.3335 3.4749718 7.8564167
6352.291 1453.1198 1404.4093 3.6127343 7.8300605
6355.8667 1438.1683 1394.129 3.8716905 7.791613
6359.4424 1443.1683 1396.3221 3.8610628 7.804719
6363.0186 1444.7345 1397.8524 3.8949337 7.8091636
6366.594 1433.7919 1387.0779 3.9963238 7.7801256
6370.17 1438.7635 1389.9741 4.11888 7.7940474
6373.7456 1429.774 1383.6863 4.4327703 7.7711763
6377.3213 1425.0756 1380.243 3.931665 7.7570586
6380.897 1426.178 1380.8268 4.054152 7.7604437
6384.4727 1431.6556 1387.2126 4.256162 7.776137
6388.0483 1428.5197 1382.8547 3.360511 7.764529
6391.6245 1429.1135 1382.2793 3.8115091 7.7672143
6395.2 1435.0139 1388.4634 3.207957 7.7811685
6398.776 1421.5309 1375.0507 3.9161355 7.7474456
6402.3516 1424.0468 1376.8724 2.484181 7.7491436
6405.9272 1402.9194 1357.9229 3.89726 7.697115
6409.503 1406.2206 1360.6974 3.6770442 7.7050543
6413.0786 1412.0138 1368.9625 3.84649 7.7219667
6416.6543 1425.0829 1378.3438 3.3928635 7.7551594
6420.2305 1406.8552 1361.2947 3.71426 7.707464
6423.806 1402.8304 1356.4851 3.8037877 7.6964993
6427.382 1417.8171 1370.1162 2.7082295 7.732968
6430.9575 1404.9924 1360.3365 3.1334374 7.7005496
6434.533 1401.8643 1356.2942 3.62913 7.6937566
6438.109 1402.9252 1357.7893 4.511377 7.6995234
6441.6846 1407.1853 1361.2097 3.8242104 7.7086425
6445.2607 1399.8395 1354.265 3.8398042 7.688953
6448.8364 1396.1993 1352.2731 3.1664877 7.6767426
6452.412 1389.0155 1341.8516 3.9893744 7.660183
6455.988 1380.4846 1334.9557 3.7566366 7.635963
6459.5635 1397.311 1350.6235 3.5162811 7.6809115
6463.139 1372.1299 1327.9537 4.101537 7.6147914
6466.715 1380.0099 1334.0098 3.0933645 7.6322665
6470.2905 1365.4722 1320.0681 3.3185327 7.593532
6473.8667 1362.5654 1319.7802 3.591044 7.587189
6477.4424 1374.6672 1329.1122 3.3030856 7.618793
6481.018 1359.6444 1313.0718 3.2093027 7.576756
6484.5938 1365.7933 1320.389 4.379771 7.5980916
6488.1694 1370.3495 1327.1448 3.8870168 7.609625
6491.745 1347.8198 1302.8223 3.7200308 7.54662
6495.321 1349.8574 1303.1028 4.1925297 7.5539184
6498.897 1349.648 1302.4192 3.6277146 7.5512123
6502.4727 1343.5845 1299.768 4.3342195 7.5372243
6506.0483 1342.5107 1295.5023 4.266836 7.5335627
6509.624 1337.6176 1291.897 4.5103154 7.5212326
6513.1997 1335.7649 1287.7191 2.937261 7.51004
6516.7754 1333.6289 1288.3298 3.3599973 7.5065227
6520.351 1320.9215 1275.4292 4.5158863 7.4745297
6523.927 1306.5225 1263.4991 3.881693 7.4323406
6527.503 1319.7196 1273.9504 5.786462 7.475937
6531.0786 1313.0728 1266.865 2.7829578 7.446715
6534.6543 1319.5623 1272.6519 2.877118 7.4650836
6538.23 1309.2642 1263.6123 3.8420959 7.439856
6541.8057 1289.2441 1241.8925 3.975603 7.3843555
6545.3813 1274.2594 1229.5251 3.6441042 7.3408046
6548.957 1270.248 1224.8196 3.03045 7.3272066
6552.533 1252.4247 1208.552 4.2113585 7.2807612
6556.109 1194.3988 1149.546 3.3327649 7.1085267
6559.6846 1150.1805 1109.4646 3.2331493 6.9781194
6563.2603 1078.8832 1042.3585 4.043939 6.7655416
6566.836 1041.5885 1002.6043 4.1474476 6.6483927
6570.4116 1057.5227 1019.2621 3.627169 6.6970572
6573.9873 1120.7792 1082.9087 4.422663 6.894937
6577.563 1183.7472 1139.9626 1.8783648 7.072455
6581.139 1230.0134 1186.7891 4.295423 7.21676
6584.715 1228.9111 1183.8651 3.7492573 7.2113433
6588.2905 1256.1779 1212.0018 4.404587 7.2926793
6591.866 1251.0765 1203.5073 2.834956 7.2716002
6595.442 1249.3425 1204.2035 4.2250924 7.2721252
6599.0176 1275.7214 1229.354 3.32667 7.344454
6602.5933 1269.7662 1223.3262 3.2700906 7.327346
6606.1694 1271.9313 1227.0237 3.4885483 7.3343754
6609.745 1284.8229 1237.311 3.937258 7.3722086
6613.321 1269.6458 1220.9332 3.3910604 7.326768
6616.8965 1265.4229 1219.6973 3.213677 7.314811
6620.472 1279.532 1232.6206 3.4991558 7.355682
6624.048 1272.595 1226.4504 2.9583118 7.3340755
6627.6235 1256.7822 1212.2308 3.2369063 7.290452
6631.199 1248.3966 1203.3243 5.0831323 7.2728505
6634.7754 1259.7693 1212.9014 3.5352385 7.299676
6638.351 1263.9862 1216.6687 3.3896024 7.3111897
6641.927 1257.0001 1210.3405 3.7452126 7.2928567
6645.5024 1259.9893 1211.2295 3.2736244 7.2992005
6649.078 1249.4889 1200.7451 3.546945 7.2698517
6652.654 1259.2472 1212.4911 2.7852733 7.295801
6656.2295 1241.6307 1195.7101 2.8656316 7.2458744
6659.8057 1248.1156 1200.8942 3.2199693 7.265681
6663.3813 1244.1666 1197.4479 3.2674403 7.254492
6666.957 1242.2485 1197.0378 4.054689 7.2522454
6670.5327 1226.3693 1177.9512 4.14819 7.206205
6674.1084 1231.5663 1183.9468 3.9375405 7.220496
6677.684 1239.609 1192.7872 3.226619 7.241055
6681.26 1229.9526 1181.983 4.1947637 7.216272
6684.8354 1233.8245 1185.4596 2.9595325 7.223389
6688.4116 1238.8174 1191.8547 3.5677786 7.240188
6691.9873 1219.1743 1173.2449 3.4769528 7.18357
6695.563 1212.0869 1164.2731 4.0255475 7.164816
6699.1387 1217.9335 1169.9961 4.1240005 7.181696
6702.7144 1229.111 1179.8091 3.747937 7.2123137
6706.29 1213.8757 1170.3146 4.67953 7.173446
6709.8657 1211.1858 1164.0703 3.9575782 7.161896
6713.442 1210.6594 1164.0748 3.2119987 7.1579733
6717.0176 1200.5731 1152.9836 3.4860983 7.1292458
6720.5933 1205.0996 1156.7549 4.2366524 7.145332
6724.169 1197.9227 1150.4441 3.3799956 7.1208115
6727.7446 1207.586 1159.725 3.596273 7.150068
6731.3203 1215.112 1170.1434 4.203143 7.174995
6734.896 1203.3076 1158.3624 3.928744 7.1398935
6738.4717 1185.1605 1140.8036 3.322492 7.0834503
6742.048 1202.0902 1156.7928 3.3749578 7.1336036
6745.6235 1190.2445 1142.3607 2.5123973 7.095476
6749.199 1179.7415 1129.0703 3.9335325 7.069612
6752.775 1178.7754 1130.7219 4.0981092 7.0673213
6756.3506 1191.053 1144.4215 3.931031 7.1035028
6759.9263 1181.5107 1135.8224 2.9442708 7.0717487
6763.502 1192.1029 1146.8474 3.7135978 7.1060486
6767.078 1184.8267 1137.7351 3.423779 7.0836296
6770.654 1175.1663 1128.6426 4.258204 7.0579443
6774.2295 1176.1466 1127.8617 3.2525256 7.0566387
6777.805 1170.2605 1123.7811 3.6149068 7.041114
6781.381 1184.07 1135.9716 3.4121737 7.0808244
6784.9565 1187.8163 1141.3113 3.0866032 7.090726
6788.532 1174.9395 1125.8273 3.639449 7.054233
6792.108 1170.2579 1123.9467 2.4537804 7.036236
6795.684 1165.8845 1121.0431 3.3538067 7.0277033
6799.26 1154.9537 1111.8203 2.6692567 6.9929123
6802.8354 1164.2122 1116.0122 3.092179 7.0209947
6806.411 1152.0012 1104.3055 4.4453626 6.9897885
6809.987 1156.9915 1107.257 3.9596758 7.002862
6813.5625 1156.5645 1109.0577 3.0018156 6.998272
6817.138 1160.8618 1111.8341 3.2192447 7.01154
6820.7144 1156.2401 1106.3 3.1384907 6.9972763
6824.29 1149.0726 1101.0696 4.853375 6.983214
6827.8657 1139.622 1091.1434 4.420167 6.9528437
6831.4414 1137.6154 1091.2937 4.1843295 6.9461412
6835.017 1135.2582 1088.2351 4.162922 6.9390593
6838.593 1139.099 1093.1923 3.6367917 6.94899
6842.1685 1116.927 1073.0236 4.155397 6.883865
6845.744 1135.2583 1089.956 3.182646 6.9357677
6849.3203 1126.9458 1077.966 3.728737 6.911987
6852.896 1125.1844 1079.0933 4.0557675 6.90852
6856.4717 1114.5898 1067.618 3.1229806 6.8723903
6860.0474 1111.517 1065.4155 4.1487665 6.867676
6863.623 1045.5094 1005.5004 3.5488274 6.6615286
6867.1987 929.9693 891.9885 3.7104204 6.290818
6870.7744 855.2435 814.75806 2.424537 6.0302453
6874.35 848.25006 810.0695 2.8701658 6.008286
6877.9263 912.6502 872.09155 2.4802697 6.226659
6881.502 981.1234 937.9106 3.5242035 6.4569726
6885.0776 988.24774 945.8381 3.5810935 6.4800816
6888.6533 977.22705 934.21893 3.4400554 6.443664
6892.229 954.5926 915.10236 3.0615351 6.36882
6895.8047 947.13666 908.43536 3.5891569 6.34663
6899.3804 969.31146 930.51587 3.304225 6.4179964
6902.9565 996.8265 955.1839 4.0097103 6.509815
6906.532 1011.19244 965.5779 3.500449 6.552669
6910.108 1015.97437 970.3948 3.4479966 6.5678215
6913.6836 1020.599 977.82074 3.8349807 6.584141
6917.2593 1043.6342 998.65875 3.4634767 6.6555653
6920.835 1047.0171 1001.12067 2.3821075 6.661429
6924.4106 1052.3225 1006.83575 3.541125 6.6830645
6927.9863 1039.2334 995.6264 4.800184 6.6476135
6931.5625 1045.4631 1000.28595 3.9681191 6.663805
6935.138 1045.1287 997.7966 3.7843 6.6615195
6938.714 1038.4156 994.67676 4.8738165 6.6455364
6942.2896 1044.7834 1000.7219 3.6434991 6.6601834
6945.865 1055.9004 1012.0079 3.8804402 6.6964316
6949.441 1056.5651 1009.55945 4.2003655 6.6993217
6953.0166 1055.5635 1005.9978 3.9337032 6.6951284
6956.593 1059.5603 1013.6019 4.3046937 6.709796
6960.1685 1046.5105 1000.1252 3.6513608 6.6657977
6963.744 1062.1582 1014.94104 2.5328648 6.70978
6967.32 1060.4336 1012.6479 3.7517319 6.7096887
6970.8955 1065.095 1019.60583 3.9689388 6.7256
6974.471 1071.3335 1022.91455 3.5401404 6.7426033
6978.047 1049.3699 1001.8166 3.8152204 6.675472
6981.6226 1056.7405 1009.62103 3.3976827 6.696721
6985.1987 1030.7028 983.187 4.6385856 6.620565
6988.7744 1035.8461 988.88715 3.720627 6.6326413
6992.35 1042.9822 995.5213 3.6075013 6.654509
6995.926 1048.9875 1002.0466 4.5843844 6.678035
6999.5015 1039.3777 992.76776 4.162011 6.646333
7003.077 1041.2897 995.68097 3.6923432 6.650182
7006.653 1032.7279 986.7741 3.8303716 6.623788
7010.229 1024.1655 978.5434 4.006871 6.597858
7013.8047 1046.7716 1000.21747 3.4663358 6.666603
7017.3804 1032.5034 987.3684 3.9240308 6.623444
7020.956 1018.7474 973.0446 4.0352793 6.5802684
7024.5317 1035.9841 988.5198 3.1941152 6.6311307
7028.1074 1036.6956 988.80475 2.6555493 6.6314383
7031.683 1030.7609 983.7385 3.5823474 6.6170764
7035.259 1022.1894 976.21295 3.3684714 6.5884957
7038.835 1017.8835 970.76245 4.2998834 6.578937
7042.4106 1018.5404 971.1987 3.3669343 6.5773215
7045.9863 1017.0429 972.6038 4.266581 6.577072
7049.562 1019.74945 972.9216 4.2968416 6.585022
7053.1377 1010.3466 963.1791 3.8929005 6.5537024
7056.7134 1004.9196 961.0262 3.964369 6.5375376
7060.289 1013.2889 967.12494 3.9552016 6.5632133
7063.865 1008.7032 961.6294 3.6919432 6.5476556
7067.441 1008.6323 962.61053 3.1050608 6.5452332
7071.0166 1005.1126 957.46313 3.7207232 6.5363326
7074.5923 1013.8705 968.31055 3.5665684 6.5637865
7078.168 1005.7824 959.98645 3.7766895 6.5391545
7081.7437 1009.7256 963.22906 4.3461604 6.554004
7085.3193 1011.47205 963.7595 3.4095771 6.5545993
7088.895 1008.3825 965.39124 3.2681942 6.54556
7092.471 1002.1193 955.7693 3.4666324 6.5254345
7096.047 994.4199 951.5002 4.255466 6.5051513
7099.6226 999.93506 954.5595 3.6555164 6.520416
7103.198 988.6232 939.85785 2.9774568 6.4794803
7106.774 993.032 946.8079 3.4595501 6.4964385
7110.3496 991.3952 944.1489 3.8696694 6.4932656
7113.9253 987.02454 941.8743 4.1006145 6.4807057
7117.5015 985.64435 944.30927 3.5126455 6.4742494
7121.077 987.57446 942.48395 3.4643996 6.47963
7124.653 980.66815 935.9202 3.6875577 6.458571
7128.2285 980.0898 935.15027 3.214072 6.4545035
7131.804 980.502 934.6916 3.73635 6.4583197
7135.38 981.746 937.26154 5.042428 6.468628
7138.9556 972.3159 925.21326 4.3377166 6.4337444
7142.5312 971.024 922.83344 3.8790967 6.427576
7146.1074 988.2825 938.0585 4.078809 6.4839826
7149.683 978.0831 930.5917 3.519346 6.4489245
7153.259 960.37823 915.47296 4.029467 6.3943553
7156.8345 957.90326 912.4622 3.3735833 6.3830204
7160.41 944.95764 901.3069 3.2809548 6.340614
7163.986 930.4062 885.97626 3.6948483 6.2941
7167.5615 925.53845 882.2563 3.3921363 6.2771425
7171.1377 903.1213 862.3553 3.9992762 6.2057123
7174.7134 894.5773 852.85065 3.7090037 6.1746197
7178.289 894.9427 852.3334 3.1799862 6.17331
7181.8647 893.5212 850.7455 2.8932683 6.16737
7185.4404 892.6472 849.4604 3.23021 6.16585
7189.016 891.7483 847.3792 3.5118704 6.1638036
7192.592 889.4201 846.6007 2.8930855 6.1534867
7196.1675 893.17755 851.7754 3.7617776 6.1707273
7199.7437 904.7187 859.85297 4.230929 6.2111964
7203.3193 910.8693 867.6697 2.8370683 6.2258105
7206.895 930.43 888.9424 3.554922 6.294536
7210.4707 933.81775 888.21454 3.6535828 6.3051043
7214.0464 921.50525 876.0975 4.010939 6.2661333
7217.622 922.61896 880.0718 3.761184 6.2694135
7221.1978 914.5788 869.8643 3.3030756 6.239894
7224.774 901.40594 857.7959 4.034376 6.199344
7228.3496 902.3778 858.6548 4.291155 6.203867
7231.9253 893.4393 850.10187 4.0947137 6.172812
7235.501 889.6861 845.9629 4.123622 6.1602335
7239.0767 889.0319 845.4081 3.985875 6.1584787
7242.6523 893.7943 850.86285 3.9682472 6.174826
7246.228 878.4329 836.1177 4.148227 6.12289
7249.8037 879.7663 835.6612 3.9660187 6.126429
7253.38 882.8354 841.1896 3.2864773 6.134292
7256.9556 878.12933 836.21045 3.6999898 6.120084
7260.5312 889.33203 845.2127 3.2934573 6.1552
7264.107 881.7568 838.75024 3.4074068 6.1312194
7267.6826 867.3594 824.7513 5.192758 6.089727
7271.2583 881.896 834.4574 4.981864 6.1372943
7274.834 877.6923 832.57294 4.43925 6.1211977
7278.41 881.8671 835.2686 3.4725869 6.1307373
7281.986 885.70435 839.1099 3.7094512 6.14502
7285.5615 867.42676 827.8609 4.040434 6.085436
7289.137 880.63513 838.4957 3.3216455 6.126751
7292.713 874.65594 833.13855 2.9166708 6.1042933
7296.2886 866.6323 825.1652 2.9382758 6.076763
7299.8643 875.963 832.40625 3.9948397 6.1128964
7303.44 883.3987 837.8276 3.112552 6.1345863
7307.016 872.29474 827.661 3.4102929 6.0983963
7310.592 880.75366 836.18134 4.6556244 6.1334395
7314.1675 889.7267 845.4407 3.9001372 6.1608906
7317.743 880.652 836.7179 3.499114 6.127983
7321.319 876.08997 835.16956 4.491603 6.117522
7324.8945 870.9585 828.5235 4.4815674 6.0995197
7328.47 873.28864 827.93317 4.3345127 6.106176
7332.046 878.59467 833.536 4.2708077 6.124166
7335.622 883.44714 837.92487 3.140806 6.135131
7339.1978 876.1892 828.52295 4.4741673 6.117097
7342.7734 869.7998 825.7703 3.3973186 6.090041
7346.349 873.4387 829.6108 3.7046278 6.1038704
7349.925 869.24457 825.39764 3.1790152 6.087565
7353.5005 855.07367 814.0015 3.6744657 6.042149
7357.076 858.44543 819.06366 4.2940264 6.0568476
7360.6523 862.20233 819.4258 3.6625264 6.06663
7364.228 856.01624 815.8652 4.4012117 6.0488462
7367.8037 858.2897 820.53217 3.3873057 6.052621
7371.3794 849.1789 809.3796 3.4020655 6.021187
7374.955 846.03455 805.0172 3.5981233 6.0106564
7378.531 849.0176 800.7025 3.4247026 6.018257
7382.1064 847.93207 805.50336 3.794829 6.0175543
7385.682 852.1049 813.3636 3.7708905 6.0329795
7389.2583 851.87256 808.97095 3.4726675 6.0292883
7392.834 846.8239 803.91956 4.175289 6.015633
7396.4097 854.97266 811.9834 3.1420214 6.0384235
7399.9854 845.77893 803.616 3.0339801 6.0065336
7403.561 844.39874 803.02734 3.1342838 6.0023184
7407.1367 842.1544 798.57916 3.7285058 5.9976187
7410.7124 849.5067 802.777 3.4325812 6.021393
7414.2886 848.26337 801.5833 4.4438863 6.021949
7417.8643 848.4023 799.9368 3.3408945 6.0165715
7421.44 836.6296 796.3003 3.7270806 5.978166
7425.0156 833.823 793.11554 4.1293445 5.970222
7428.5913 833.50085 789.47406 2.809431 5.9626064
7432.167 839.70966 797.50964 2.9554746 5.9848104
7435.7427 840.7363 795.4173 3.5361383 5.991471
7439.3184 833.67194 787.42554 3.6544123 5.967456
7442.8945 831.96484 785.5575 3.4072754 5.9602
7446.47 824.56506 784.0558 4.0071115 5.9385433
7450.046 827.616 782.18146 3.3710172 5.9454503
7453.6216 814.5002 775.12006 4.2842293 5.9040627
7457.1973 822.2386 779.93774 4.542138 5.934194
7460.773 828.37775 784.08075 3.5373225 5.951106
7464.3486 807.6239 767.8778 3.5397336 5.87823
7467.925 816.32556 771.41187 3.3548627 5.907181
7471.5005 826.2319 780.6428 4.6755643 5.948851
7475.076 809.5942 771.4219 3.8216841 5.886883
7478.652 806.8759 769.0608 3.632519 5.8768554
7482.2275 815.0145 775.49713 4.0559874 5.9084826
7485.803 805.5972 766.4961 3.8551035 5.8736997
7489.379 807.89197 765.91644 3.044315 5.8770814
7492.9546 807.2911 766.04736 2.6520512 5.8729644
7496.531 787.3022 750.25433 2.507033 5.801013
7500.1064 801.7092 760.6128 2.8095367 5.8540583
7503.682 797.19183 758.2856 3.984586 5.8435493
7507.258 798.4056 760.5691 3.5639174 5.846394
7510.8335 812.7266 771.3116 3.5316608 5.8977237
7514.409 796.35834 756.3495 3.1708586 5.8371167
7517.985 791.1453 748.57574 3.2556772 5.8194175
7521.561 790.20544 751.5318 3.0240705 5.815918
7525.1367 791.57135 756.1228 3.188189 5.820834
7528.7124 787.95404 751.0171 3.3295825 5.8088484
7532.288 770.39014 734.0223 3.2727478 5.7438903
7535.864 769.8894 734.1489 3.5670378 5.7425365
7539.4395 774.3258 737.89813 3.372604 5.7590637
7543.015 779.78955 741.7207 2.942456 5.7750053
7546.591 770.60223 729.9523 2.906713 5.7400823
7550.167 767.41986 725.90533 2.71242 5.728198
7553.7427 774.2126 732.2708 3.197461 5.755769
7557.3184 776.71027 737.15045 3.7486057 5.767521
7560.894 775.17804 736.15424 2.7299943 5.756582
7564.4697 771.8557 731.79456 2.4979472 5.744425
7568.0454 762.83374 722.8275 3.5473046 5.7164946
7571.621 712.2997 675.66986 3.2233841 5.526694
7575.1973 611.9074 575.5473 2.7692273 5.1322217
7578.773 456.05215 428.64328 3.9734352 4.4537964
7582.3486 307.39328 294.42703 3.7714024 3.6943543
7585.9243 228.59589 222.20595 2.5458648 3.1997805
7589.5 216.47368 210.94934 2.676458 3.1230602
7593.0757 283.5771 268.7648 3.6229846 3.5461898
7596.6514 392.19177 372.50702 3.3266344 4.142618
7600.227 474.8295 450.2639 2.5928566 4.537705
7603.803 492.4304 462.9335 3.6220613 4.624509
7607.379 449.03116 423.47275 3.4837277 4.42154
7610.9546 406.30276 383.2345 3.151305 4.213069
7614.5303 405.00998 382.28674 2.771939 4.2028956
7618.106 418.7937 395.0023 2.3650472 4.268822
7621.6816 443.64792 420.0057 3.1941772 4.394355
7625.2573 480.02277 455.55807 2.2547662 4.560425
7628.8335 509.37842 481.77274 2.403823 4.6939383
7632.409 540.24414 510.06265 2.6904757 4.83272
7635.985 579.2801 547.2072 1.9155074 4.9933224
7639.5605 614.7787 578.31854 2.789553 5.1457543
7643.136 623.8032 588.07947 3.6463985 5.1874413
7646.712 642.05786 609.1336 3.442393 5.2598515
7650.2876 657.3881 623.372 2.6887982 5.316234
7653.8633 662.82635 632.744 2.5860257 5.3373127
7657.4395 693.95374 654.991 2.500731 5.4565825
7661.015 700.0398 658.90247 3.1670723 5.4814034
7664.591 701.9757 662.99054 3.5465503 5.4925203
7668.1665 701.45605 661.8285 3.497473 5.4888625
7671.742 706.7537 665.80914 2.9784207 5.50586
7675.318 709.22076 673.16376 2.1034853 5.512202
7678.8936 716.25385 679.17163 2.3271031 5.539582
7682.4697 723.88885 684.7119 3.2053573 5.5731564
7686.0454 713.7122 679.7051 3.1634762 5.535178
7689.621 715.55536 678.10846 4.873715 5.553477
7693.197 709.4693 670.3536 4.550672 5.529464
7696.7725 712.73047 675.2126 3.9358892 5.537323
7700.348 705.0572 667.8306 5.0046706 5.516209
7703.924 708.57166 667.631 4.8958516 5.5287447
7707.4995 712.35565 669.9916 3.1714568 5.531968
7711.0757 707.6844 669.4509 3.6134088 5.518304
7714.6514 703.2191 661.7268 3.2618008 5.497318
7718.227 699.5812 663.1902 3.5463426 5.4864817
7721.8027 701.1636 661.86 3.1509283 5.489387
7725.3784 711.50635 674.1966 4.77077 5.538811
7728.954 703.387 669.37634 5.548992 5.5130167
7732.53 705.4345 667.6392 4.6159196 5.5158753
7736.106 702.5982 661.2437 4.5550547 5.5034404
7739.6816 710.5335 671.99585 4.105876 5.531919
7743.2573 689.5905 656.062 3.3330593 5.447606
7746.833 698.6039 660.1072 3.8757448 5.4840717
7750.4087 677.93097 646.47205 2.9108338 5.4004235
7753.9844 679.67224 647.45166 3.9087918 5.4138947
7757.56 694.2503 654.1651 3.0315628 5.463623
7761.1357 684.39545 648.88336 4.2182155 5.430487
7764.712 689.29474 656.73157 3.6174996 5.4477825
7768.2876 685.1314 649.351 4.280785 5.433631
7771.8633 688.57574 650.28644 3.652081 5.4431715
7775.439 668.625 638.3842 3.8607016 5.368993
7779.0146 676.44403 640.8355 4.4815755 5.401288
7782.5903 671.9819 641.1866 3.6782742 5.3805537
7786.166 669.5013 630.1031 3.9661613 5.369783
7789.7417 676.19934 637.114 3.6642363 5.39561
7793.318 677.5619 635.51935 3.219681 5.3969593
7796.8936 660.8452 626.8881 3.4089365 5.334539
7800.469 662.94934 625.16943 2.7419052 5.337914
7804.045 666.75256 627.30865 3.9828954 5.3612165
7807.6206 654.2746 621.03253 4.743622 5.317695
7811.1963 658.88947 622.98315 2.8985157 5.324454
7814.772 658.1916 625.8549 2.6191556 5.32085
7818.348 652.74225 621.14264 3.3712552 5.3051076
7821.924 652.56525 617.5281 2.5276568 5.2982807
7825.4995 654.9948 615.78613 3.5457323 5.3140497
7829.075 655.05994 618.4197 3.524703 5.3148813
7832.651 649.4576 612.8909 3.3060443 5.2909245
7836.2266 649.0616 610.5696 3.87051 5.292199
7839.8022 647.7373 611.6655 4.3311067 5.291807
7843.378 651.50165 618.0323 4.2671337 5.3054914
7846.954 652.4724 617.2794 3.4999602 5.3033867
7850.53 653.51 614.2562 4.1259174 5.3103986
7854.1055 640.1436 603.1798 4.1744413 5.257712
7857.681 628.68176 597.5282 3.212924 5.207892
7861.257 639.4547 604.89795 3.6259022 5.2529144
7864.8325 645.00806 603.77216 3.9506207 5.2768526
7868.408 639.63245 599.37384 4.0249906 5.254801
7871.9844 629.4576 593.6732 3.941854 5.215171
7875.56 634.26886 596.9158 3.6817248 5.233798
7879.1357 635.61206 595.91797 3.3722267 5.236956
7882.7114 637.63727 602.63654 3.1669605 5.2450137
7886.287 635.29297 595.7126 4.616666 5.242515
7889.863 636.2856 598.5742 4.0880127 5.2453904
7893.4385 638.2339 602.12177 4.144814 5.257265
7897.014 628.02655 588.33435 4.879399 5.2187123
7900.5903 639.62274 601.5787 2.559794 5.24823
7904.166 627.45734 591.6171 3.1827168 5.2043796
7907.7417 633.7619 592.6177 2.7986927 5.225635
7911.3174 623.0072 583.9757 2.9747317 5.1842628
7914.893 639.23834 598.37256 3.5161686 5.2542143
7918.4688 631.97485 593.96936 2.2248166 5.2163577
7922.0444 624.2642 584.945 3.4585197 5.194762
7925.6206 618.766 584.5696 3.8751905 5.1767235
7929.1963 627.1304 590.8132 2.8272438 5.205368
7932.772 621.61145 586.13965 2.7945364 5.1836658
7936.3477 616.81854 579.2642 3.2849076 5.1660495
7939.9233 619.07697 580.03625 2.773239 5.171296
7943.499 612.04474 574.9183 3.3747075 5.145239
7947.0747 622.2819 582.9272 2.4708164 5.1798196
7950.6504 617.44244 576.7523 3.7930908 5.16888
7954.2266 615.923 580.2193 3.5945559 5.161333
7957.8022 612.05707 574.3359 3.5008452 5.1448345
7961.378 619.8349 580.1351 3.1486194 5.1751304
7964.9536 616.44885 579.0035 3.8030047 5.166169
7968.5293 611.8651 574.98303 3.2539206 5.143516
7972.105 607.8193 567.8628 3.2112253 5.1246624
7975.6807 603.7526 563.8164 4.536324 5.1166773
7979.257 611.0982 570.717 3.525601 5.140397
7982.8325 600.4076 561.0175 3.6392043 5.0977726
7986.408 597.3882 558.50146 3.0853667 5.08225
7989.984 608.1715 567.8186 2.997942 5.126245
7993.5596 601.33594 562.2796 3.7997642 5.1036196
7997.1353 593.4641 555.8035 3.3197677 5.06836
8000.711 596.97876 562.6021 3.5522256 5.086884
8004.2866 595.61035 562.0988 3.5779767 5.0813484
8007.863 588.37994 551.62964 3.6514642 5.0506916
8011.4385 592.048 555.11346 2.7886653 5.0607195
8015.014 585.3874 546.01483 3.5877578 5.037047
8018.59 590.68915 549.8602 2.609786 5.052432
8022.1655 598.30035 557.2512 2.7042577 5.084433
8025.741 592.1982 554.1357 3.234697 5.065004
8029.317 586.69385 544.43304 2.708386 5.0364184
8032.893 584.82837 544.9613 3.3198943 5.0328703
8036.4688 582.37915 547.7136 3.1448927 5.023296
8040.0444 579.8899 539.4569 2.3605042 5.005703
8043.62 580.85767 542.5928 3.297902 5.0167055
8047.196 588.8789 545.98456 2.5011187 5.0446277
8050.7715 572.0261 529.9687 2.7504177 4.9746776
8054.347 588.69965 546.893 3.2285168 5.0485168
8057.923 575.9532 539.86743 2.923284 4.992706
8061.499 567.98584 532.28845 2.8314302 4.961076
8065.0747 573.48474 536.8866 3.1220732 4.9854126
8068.6504 569.82733 530.9494 2.3953183 4.9662647
8072.226 575.65027 536.44086 2.2757297 4.989913
8075.802 578.61127 538.1384 2.6116955 5.004312
8079.3774 572.2096 533.0982 2.3246796 4.9759994
8082.953 568.523 527.7077 2.8578026 4.9622116
8086.5293 565.1348 524.37665 2.8062024 4.948258
8090.105 566.657 526.8365 2.4695396 4.9522467
8093.6807 573.37964 531.3657 2.8867788 4.982486
8097.2563 565.5146 527.2879 2.4981816 4.947918
8100.832 555.10187 520.1744 2.3946002 4.904225
8104.4077 553.2536 516.9858 2.655165 4.898143
8107.9834 549.5894 511.78073 2.2601945 4.8790054
8111.559 545.71783 508.73672 2.1075368 4.8626757
8115.1353 537.1415 504.4532 1.4315434 4.820943
8118.711 542.5783 503.67624 1.9419924 4.847279
8122.2866 534.46094 499.09686 2.8002021 4.818216
8125.8623 536.4747 498.05844 2.6975133 4.826645
8129.438 527.98553 488.33755 2.6276255 4.788541
8133.0137 527.8289 492.44308 2.4188025 4.7876415
8136.5894 521.74524 482.67456 2.710214 4.762006
8140.1655 512.0285 476.14145 3.3240361 4.724312
8143.741 520.64343 481.02 4.164501 4.766231
8147.317 515.4906 480.6112 3.3371668 4.740193
8150.8926 519.34204 484.70343 2.032696 4.7491875
8154.4683 513.60754 477.80243 1.7986195 4.720619
8158.044 516.63574 481.1691 3.2152333 4.746658
8161.6196 519.27844 475.80957 3.3734221 4.757245
8165.1953 518.706 479.58167 2.5049796 4.748842
8168.7715 521.9635 483.87363 1.8773223 4.7579117
8172.347 519.3178 476.11618 2.3665268 4.7497544
8175.923 524.3524 485.49738 1.7126104 4.769171
8179.4985 527.253 497.4007 2.037873 4.787073
8183.074 518.65936 488.23853 3.079206 4.7571516
8186.65 515.3318 479.73734 1.9674013 4.733734
8190.2256 518.54474 483.4716 1.7705497 4.7485876
8193.802 519.5933 482.1809 2.1537197 4.7545667
8197.377 505.92084 468.10532 2.3736732 4.695354
8200.953 490.28525 455.97955 2.3339984 4.6234527
8204.528 475.37933 441.72702 2.0667078 4.555342
8208.1045 487.61697 446.14908 2.3796163 4.611164
8211.681 492.1057 457.3885 3.174389 4.6373863
8215.256 501.21207 462.89325 1.8364642 4.66699
8218.832 498.3643 463.44656 3.0672343 4.6636033
8222.407 500.54193 465.9913 1.8299398 4.667054
8225.983 507.39108 469.80832 3.1292422 4.7078204
8229.559 499.22668 466.96902 3.7047474 4.6763544
8233.135 499.16357 465.88736 2.9083562 4.6729813
8236.711 520.80316 476.0303 2.398682 4.7604675
8240.286 502.59973 466.31857 2.5384207 4.6795616
8243.862 501.01358 468.4328 2.2068036 4.672481
8247.4375 503.66592 464.20508 2.2900867 4.6829844
8251.014 498.17773 457.19107 2.6225352 4.6603417
8254.589 497.39883 455.0742 2.6492069 4.658214
8258.165 496.24878 455.36508 3.1304805 4.656986
8261.741 497.96735 458.32382 3.0649576 4.6629825
8265.316 492.1909 450.99185 3.1999097 4.637635
8268.893 489.9123 452.67267 4.810477 4.6412783
8272.468 490.9119 453.60184 4.5117035 4.6427307
8276.044 503.70734 465.31464 3.4367058 4.6930947
8279.619 501.12616 460.30875 3.9928045 4.6843843
8283.195 496.3336 455.81415 3.341662 4.656987
8286.7705 491.97427 452.60284 2.976889 4.6364245
8290.347 486.31595 442.37564 2.8884325 4.6081977
8293.923 484.45453 447.563 3.2624755 4.6049166
8297.498 476.7099 438.90405 2.683783 4.5648675
8301.074 476.2092 442.1634 2.8882623 4.564439
8304.649 478.2853 442.6799 2.5101442 4.5711637
8308.226 474.38474 438.74915 3.0287914 4.5595927
8311.801 471.4242 436.268 2.5964563 4.5418434
8315.377 476.75952 435.73215 2.8455558 4.565967
8318.953 471.0132 433.3514 3.8620574 4.547654
8322.528 458.56332 429.71625 4.555177 4.4967113
8326.1045 454.16364 425.3221 5.1018877 4.4827175
8329.68 455.08875 423.9533 4.21948 4.4806967
8333.256 457.09286 426.54248 3.3406124 4.482352
8336.831 459.38333 425.5032 3.3947432 4.4943132
8340.407 468.15274 429.29453 2.5481968 4.52639
8343.983 462.72415 431.04153 2.3082345 4.5015144
8347.559 475.35028 433.9921 2.9424222 4.563077
8351.135 464.915 428.24326 2.4234512 4.5111947
8354.71 465.0717 423.97986 1.9741467 4.508893
8358.286 474.80316 435.64697 1.9548626 4.55282
8361.861 472.25006 433.73218 2.8773649 4.549842
8365.4375 476.38297 436.72763 2.0556133 4.562581
8369.014 467.68958 430.92648 3.7781107 4.536456
8372.589 469.71423 428.32053 4.303166 4.5484033
8376.165 470.52655 431.4934 3.6475203 4.547786
8379.74 467.10864 429.95456 4.397179 4.537028
8383.316 457.66827 422.75232 4.519082 4.494832
8386.892 457.10834 421.9151 3.68341 4.488073
8390.468 469.68243 427.88452 3.0797303 4.5410566
8394.043 466.32745 426.51093 2.4506705 4.520008
8397.619 464.351 426.02493 2.7736373 4.5127115
8401.195 466.98453 429.66345 3.6657388 4.5345864
8404.7705 464.21515 425.00916 3.7064683 4.521478
8408.347 462.02264 423.9231 4.5492673 4.51737
8411.922 457.1463 418.76187 3.3457942 4.4849
8415.498 453.5418 416.576 3.4336689 4.4690146
8419.073 453.96548 420.67792 3.0903733 4.46988
8422.649 448.5089 418.99396 3.0054982 4.44454
8426.226 455.74524 414.91174 2.9100235 4.4746995
8429.801 452.3801 417.18893 3.1275356 4.4609375
8433.377 465.3711 421.99576 2.567193 4.514858
8436.952 460.84186 415.72437 3.2542655 4.498573
8440.528 446.19205 408.6538 3.7096996 4.4368706
8444.104 454.28632 413.85114 3.04847 4.470251
8447.68 454.37457 414.7906 2.8222206 4.4681325
8451.256 446.14716 409.02197 2.7771554 4.429937
8454.831 449.4186 413.11057 2.710854 4.446039
8458.407 444.397 410.00806 1.936636 4.415503
8461.982 432.8383 397.12827 2.5808918 4.3649726
8465.559 445.27286 403.9835 2.4545343 4.422183
8469.134 438.8349 403.98596 2.3623352 4.3938017
8472.71 441.5289 403.90515 2.8691154 4.4113955
8476.285 442.9929 403.77344 2.0248759 4.4093423
8479.861 439.1005 401.32254 3.1100764 4.3996325
8483.4375 437.3859 398.26154 3.1154144 4.393281
8487.013 435.17896 398.56982 3.288285 4.3837466
8490.589 431.65237 395.6056 3.2592907 4.365496
8494.164 434.42972 393.0868 2.5859556 4.374205
8497.74 445.28445 400.91998 1.7894493 4.420036
8501.315 441.0672 401.26617 1.7963028 4.3998747
8504.892 430.81036 391.5001 2.3641727 4.355497
8508.468 438.72528 394.56192 1.6712021 4.385856
8512.043 430.96677 395.00003 1.8798587 4.352103
8515.619 415.6846 384.97388 3.2074728 4.2940187
8519.194 424.13818 386.11758 2.2848194 4.3239927
8522.7705 439.17007 394.50394 2.3550754 4.394599
8526.346 423.43417 388.77744 2.877528 4.326816
8529.922 431.9167 392.6546 2.8080187 4.3655443
8533.498 434.41232 386.75143 2.4329803 4.3731704
8537.073 426.17703 387.0122 2.3464491 4.33368
8540.649 419.40036 381.52866 2.3293996 4.3017807
8544.225 419.2113 381.8176 1.3005103 4.2927346
8547.801 419.74478 382.5589 1.1206038 4.294684
8551.376 416.7623 379.00784 2.1564264 4.288864
8554.952 421.48053 383.83337 2.5628464 4.31597
8558.528 423.50836 384.29434 2.5477815 4.3272934
8562.104 410.7789 375.64093 2.5544333 4.2638574
8565.68 410.68533 373.41476 2.0951302 4.258542
8569.255 413.54208 377.80884 1.4215599 4.2659016
8572.831 414.33618 372.7604 2.837567 4.2824535
8576.406 405.8161 374.9355 2.7979631 4.242974
8579.982 414.34448 370.99304 2.3183947 4.277504
8583.558 414.43802 379.86835 2.656236 4.282026
8587.134 411.7666 373.66037 2.745997 4.269735
8590.71 405.45004 372.34497 2.5037823 4.2384167
8594.285 405.28 373.0685 2.8002706 4.241354
8597.861 408.98483 371.3292 3.2440429 4.2614946
8601.437 401.22977 363.3686 3.567496 4.2259765
8605.013 396.7952 358.55728 3.7228563 4.2062244
8608.588 400.51053 364.4858 3.8773685 4.2250695
8612.164 400.06107 361.05136 3.8543262 4.221608
8615.74 404.33746 359.92014 3.07701 4.2353287
8619.315 396.42743 357.65762 3.3358512 4.2020216
8622.892 403.7376 365.2098 2.6245277 4.2302995
8626.467 390.5328 357.1138 3.9664948 4.182642
8630.043 398.83 362.31937 2.3727298 4.207028
8633.618 400.88837 360.77194 3.0785427 4.222753
8637.194 390.89764 357.48895 3.7021499 4.180021
8640.7705 394.02228 358.2213 3.8262756 4.1931925
8644.346 383.46704 349.77875 3.9141834 4.142157
8647.922 381.8579 346.7667 3.9380305 4.135576
8651.497 394.92517 352.32568 4.1346974 4.2002316
8655.073 388.65854 350.18954 3.8286583 4.1686387
8658.648 385.10004 348.54507 3.260019 4.1470895
8662.225 389.06445 353.21786 2.988531 4.162618
8665.801 384.62476 353.68573 2.698819 4.1409736
8669.376 391.01822 347.42465 3.0583453 4.1733427
8672.952 387.70477 351.94168 2.0218544 4.1514325
8676.527 383.60992 347.1354 2.1460414 4.1279078
8680.104 389.41013 351.4884 2.0506725 4.1569953
8683.679 384.4723 346.2398 2.8197198 4.1401973
8687.255 375.99316 338.47977 3.358209 4.1009955
8690.83 383.35852 345.9534 2.5854456 4.1324325
8694.406 383.36008 348.14908 2.321042 4.132992
8697.982 379.50345 343.74286 2.3551009 4.1124783
8701.558 381.13995 341.679 2.2213116 4.117924
8705.134 376.56717 337.51688 2.237034 4.096604
8708.709 373.60043 338.16223 1.9399813 4.0770354
8712.285 366.7733 336.2143 2.6565955 4.0479274
8715.86 372.3021 336.2614 2.362592 4.0764875
8719.437 370.83218 335.29306 1.9263511 4.0668297
8723.013 370.84344 335.66556 1.3781192 4.0590897
8726.588 374.37238 332.62366 1.6849571 4.0815306
8730.164 363.1478 328.4597 2.859542 4.035668
8733.739 351.69073 319.8516 2.3270087 3.9694493
8737.315 360.67203 324.05292 1.6346307 4.0073967
8740.891 369.0964 332.03812 2.9501257 4.0660014
8744.467 362.0887 327.03067 3.49142 4.0353527
8748.043 360.17197 324.95557 3.4615946 4.0234046
8751.618 367.8086 330.16452 4.5495443 4.0741816
8755.194 370.3061 329.4038 3.9834788 4.081011
8758.77 363.93283 326.98657 3.8113348 4.048272
8762.346 345.57974 317.56393 4.9143786 3.963098
8765.921 354.20456 321.00427 3.0019186 3.9901917
8769.497 354.1115 322.88837 3.1100457 3.9923728
8773.073 351.7844 318.23776 3.7626038 3.9841828
8776.648 351.69827 316.7045 2.8088899 3.9754639
8780.225 350.72696 316.23148 2.134318 3.963926
8783.8 352.2843 316.5349 2.1241815 3.9725177
8787.376 351.9428 314.6379 2.5390937 3.974961
8790.951 349.1659 314.327 2.3949175 3.9598258
8794.527 349.70587 315.50958 1.9340278 3.9593399
8798.103 348.65363 312.29617 2.1008193 3.953817
8801.679 344.7745 310.97192 1.7440778 3.9297092
8805.255 346.46823 311.94888 1.9150081 3.9402957
8808.83 348.2825 316.93945 2.996737 3.9626732
8812.406 350.55322 314.21246 4.4733977 3.985553
8815.981 347.34872 307.36447 4.3575597 3.9654207
8819.558 340.44302 305.2129 5.1619678 3.940747
8823.133 341.92407 306.2303 5.5296283 3.9522722
8826.709 342.0611 303.93198 4.573984 3.9413023
8830.285 338.6799 303.93005 2.6197226 3.907831
8833.86 338.58957 307.38226 2.0698514 3.9030497
8837.437 337.12595 305.56155 2.667004 3.898459
8841.012 335.60413 301.75058 2.0649302 3.884987
8844.588 336.1219 300.71548 1.7225662 3.8850152
8848.163 328.3583 295.81015 2.4106634 3.851877
8851.739 322.619 293.0554 2.304857 3.821209
8855.315 325.28827 293.4469 2.6007216 3.8395476
8858.891 334.89038 297.0883 2.0906956 3.8838544
8862.467 327.74747 293.39856 2.3521967 3.8457818
8866.042 327.65872 296.66397 2.4042943 3.8488212
8869.618 326.8568 294.424 3.8390007 3.8612978
8873.193 328.8387 288.50803 3.8262734 3.867139
8876.77 328.17886 289.51523 3.0758584 3.8559647
8880.346 324.31116 288.4248 3.3391733 3.8392963
8883.921 323.42413 288.23553 3.6832743 3.8378913
8887.497 319.07495 287.06714 2.6288557 3.8037586
8891.072 317.9512 282.44656 0.9981467 3.7783787
8894.648 323.27298 294.83478 2.1508203 3.82573
8898.224 314.96594 288.43466 2.997975 3.7913113
8901.8 315.14236 283.9862 2.87461 3.7865076
8905.375 319.92917 285.6237 3.653489 3.8224359
8908.951 315.69412 279.41147 3.555941 3.7933836
8912.527 313.52765 279.95435 3.9813166 3.7860942
8916.103 312.31802 280.5023 4.5020647 3.7886097
8919.679 312.2083 279.7031 4.0316195 3.7843888
8923.254 311.0854 278.59357 2.4517167 3.759628
8926.83 305.44498 272.10144 1.7838472 3.7188735
8930.405 301.679 273.1332 1.9136026 3.7031116
8933.981 304.85913 278.25586 2.0759726 3.7256067
8937.558 303.88333 268.59708 2.8621233 3.7218163
8941.133 293.23114 266.61908 2.3063712 3.6574693
8944.709 294.471 264.30945 3.3757482 3.6801474
8948.284 297.25162 260.64746 2.5321825 3.682415
8951.86 283.3238 252.6719 3.467875 3.6130695
8955.436 289.47052 253.01813 2.5948415 3.6357517
8959.012 284.08975 250.00073 3.6805086 3.6189797
8962.588 273.026 245.15552 3.6505332 3.558137
8966.163 273.7722 247.47217 1.9655143 3.543069
8969.739 282.90988 253.45958 2.0507736 3.596768
8973.314 285.85126 250.66936 1.9575021 3.6106462
8976.891 275.36142 242.89441 1.1237302 3.5405698
8980.466 266.28494 238.89531 2.218034 3.5050657
8984.042 268.58167 233.723 2.5016997 3.5183845
8987.617 271.2524 236.43697 1.793763 3.5241954
8991.193 271.98245 243.15115 3.1928418 3.5472023
8994.77 273.90176 240.43666 1.6522924 3.5381908
8998.345 275.07092 244.44678 2.8239412 3.5641243
9001.921 264.6084 235.62248 2.7279842 3.497448
9005.496 266.52643 235.89333 1.9766567 3.5007386
9009.072 261.1904 234.21614 1.9023281 3.4684215
9012.647 264.30444 234.53851 1.8417026 3.4849148
9016.224 269.40866 236.59067 1.638638 3.5136616
9019.8 265.84747 234.07176 2.0304863 3.4996507
9023.375 268.17715 235.08705 2.2327008 3.5159235
9026.951 269.16934 239.95515 1.6649628 3.5148575
9030.526 269.33 242.24031 1.8957393 3.520935
9034.103 273.8151 240.51668 2.3793397 3.5493245
9037.678 271.49 242.301 2.3854108 3.541755
9041.254 273.5808 242.66905 2.5446007 3.5527647
9044.83 267.6302 238.16118 2.415851 3.5150557
9048.405 268.87488 233.9512 2.2107358 3.5179448
9051.981 261.56635 232.33125 2.4316154 3.4799259
9055.557 254.98854 227.73651 2.5439417 3.4417293
9059.133 263.05823 230.37773 1.5876521 3.4776347
9062.708 258.2958 230.78613 1.7133349 3.4534137
9066.284 250.20766 225.91446 1.8652097 3.4046552
9069.86 253.17046 223.50296 1.7847848 3.4197748
9073.436 246.61913 218.43257 2.1569815 3.3858316
9077.012 240.20088 213.60408 1.1973335 3.331672
9080.587 242.06445 214.28603 1.6784977 3.3514423
9084.163 240.895 216.88628 2.4098048 3.3545985
9087.738 241.22887 217.60185 2.3413541 3.3595839
9091.314 247.86174 217.59029 1.0637786 3.380963
9094.89 249.24611 217.49625 2.590969 3.4054801
9098.466 242.38837 214.61176 1.969554 3.359742
9102.042 249.41692 220.8593 2.3266673 3.408291
9105.617 252.75446 219.48259 2.6992478 3.4320724
9109.193 252.5216 221.11336 1.6861348 3.418599
9112.769 250.89084 218.22444 1.1136662 3.3986819
9116.345 247.38829 214.0822 1.2560369 3.3799057
9119.92 249.70181 219.30179 0.9335957 3.39487
9123.496 243.49547 216.27794 1.1741252 3.3597484
9127.072 231.91599 211.5775 1.9081537 3.2982032
9130.647 240.42624 214.26181 1.1120862 3.3382916
9134.224 237.9756 209.80406 1.5776045 3.3271642
9137.799 231.68153 204.84337 1.9719785 3.2941437
9141.375 233.92715 208.07384 1.5987734 3.3029149
9144.95 242.69241 211.77438 1.7067311 3.35954
9148.526 229.78543 203.61652 1.7345567 3.2816715
9152.103 228.51006 201.74669 2.1362212 3.2794828
9155.678 234.85304 203.63326 1.2466718 3.3054183
9159.254 237.44939 205.38992 1.2496574 3.3197193
9162.829 234.23935 203.8624 1.6244074 3.3075392
9166.405 231.49603 204.52724 0.93411213 3.2838233
9169.98 229.47054 201.78578 0.9967637 3.2677
9173.557 228.16147 195.9375 1.8212919 3.2684853
9177.133 230.33295 200.53575 1.9129759 3.288213
9180.708 227.44855 202.45299 2.0146132 3.2710829
9184.284 224.67197 198.90974 2.0457716 3.2517178
9187.859 225.73119 200.23514 1.0852046 3.250401
9191.436 224.34239 195.67963 0.8499654 3.233224
9195.011 228.3947 201.26323 1.8349904 3.2773523
9198.587 218.8557 192.08078 1.5201972 3.2108989
9202.162 221.92491 194.49947 2.2483878 3.2401066
9205.738 218.61613 193.32236 2.6762156 3.2202625
9209.314 212.52626 190.456 1.6872476 3.1710615
9212.89 212.94035 190.20253 1.8270602 3.178402
9216.466 214.8504 191.24928 1.3954319 3.183704
9220.041 216.76479 188.49771 2.086402 3.2041152
9223.617 212.7232 185.3431 2.3140676 3.1798873
9227.192 205.73587 183.19644 2.5168483 3.1402586
9230.769 207.06305 183.15668 3.2061512 3.160023
9234.345 207.60568 183.23598 1.9032063 3.1421244
9237.92 202.63554 181.48506 2.0674007 3.116124
9241.496 203.89091 185.91496 2.1476314 3.130055
9245.071 206.80482 184.60051 1.1514401 3.127463
9248.647 211.1796 187.77621 1.9784446 3.169437
9252.223 208.7798 184.67493 1.1627017 3.137893
9255.799 206.4216 179.84528 1.6194807 3.1305673
9259.375 213.22466 182.64146 1.8016227 3.1780527
9262.95 203.34032 180.68073 2.306883 3.1227593
9266.526 210.15811 182.40549 1.0143114 3.1475573
9270.102 203.1454 177.76752 1.7807297 3.1096408
9273.678 195.98145 176.00005 2.0028563 3.0694149
9277.253 190.97307 170.55905 1.8596771 3.0312333
9280.829 191.93529 166.69388 2.067068 3.0398424
9284.405 185.49329 165.32605 1.7808493 2.9941502
9287.98 185.78943 165.2832 1.9413826 2.9977016
9291.557 186.88217 162.85028 1.8227034 3.0016057
9295.132 178.81969 157.60876 1.6215755 2.9429367
9298.708 175.00368 157.3476 2.5053296 2.9313583
9302.283 174.34001 156.35925 2.6327684 2.9302073
9305.859 177.64413 150.60252 2.4166386 2.9435427
9309.435 170.88834 147.10345 3.3492177 2.904688
9313.011 166.4254 144.12637 3.8547375 2.8814876
9316.587 158.02304 135.59868 3.6528082 2.813277
9320.162 156.45694 131.34206 3.1715655 2.7913942
9323.738 151.00092 128.76208 2.3572493 2.740446
9327.313 149.86415 130.70813 2.6616468 2.7402637
9330.89 147.21495 129.52115 2.5963724 2.719461
9334.465 144.51242 124.33821 1.7823293 2.6840205
9338.041 143.48297 124.141495 2.2384849 2.6774123
9341.617 143.80289 120.47296 2.1078134 2.6772904
9345.192 144.40475 122.75077 1.0187335 2.6673462
9348.769 141.15543 120.95975 1.5098453 2.6532092
9352.344 144.95383 125.52366 1.7108386 2.6917884
9355.92 144.6361 125.27927 1.4275141 2.6794527
9359.495 145.7139 122.69643 1.0926567 2.683661
9363.071 140.03876 122.5714 2.1373584 2.6594021
9366.647 146.9168 127.31665 3.7869017 2.7369866
9370.223 147.0539 124.331245 3.8701246 2.7359762
9373.799 142.85797 122.343704 3.8698347 2.7020342
9377.374 145.0069 125.039894 4.2897053 2.726845
9380.95 146.34155 127.172295 3.2184339 2.7242785
9384.525 149.8363 130.41754 2.276657 2.7421145
9388.102 154.10663 133.49457 1.7784922 2.7663429
9391.677 154.79227 136.36205 1.1006778 2.7622645
9395.253 150.40155 136.395 1.8338097 2.7436006
9398.829 155.7676 136.95201 1.9641865 2.7830188
9402.404 156.39745 132.81464 1.5031466 2.7794957
9405.98 150.47679 130.51395 2.1965766 2.7443936
9409.556 144.17441 126.38418 2.4388402 2.6994123
9413.132 146.11252 124.91886 1.9890634 2.7004871
9416.707 144.89832 125.816536 2.9012358 2.715577
9420.283 137.85156 118.38413 1.8575379 2.6381838
9423.859 131.15741 115.842064 1.8256661 2.5891418
9427.435 126.87747 108.55659 2.590784 2.5576875
9431.011 132.19861 111.356995 2.4684856 2.6004348
9434.586 118.7835 104.25683 3.0242777 2.499403
9438.162 118.71183 103.49978 3.0109625 2.4984353
9441.737 120.433334 104.46004 2.7078424 2.507751
9445.313 122.147804 106.72174 2.2942812 2.5185204
9448.89 122.27987 106.36585 2.496896 2.5241325
9452.465 119.34872 104.05073 2.6098247 2.501875
9456.041 125.05067 104.401306 2.2891319 2.5382245
9459.616 126.18764 108.99542 2.7113407 2.5605285
9463.192 133.39183 112.50952 1.2828246 2.593944
9466.768 127.13754 112.940056 3.240666 2.5868115
9470.344 122.472725 107.64175 3.8725293 2.5557437
9473.92 128.41484 113.70122 2.5591033 2.5745332
