3388.5918 0.2911066 0.3821918 0.43185943 0.23231488
3392.1677 0.13763693 0.2342597 0.3576756 0.22318444
3395.744 0.0076163528 0.17261033 0.41399655 0.21934457
3399.32 -0.054880142 0.07028612 0.45711723 0.21981087
3402.896 0.035452522 0.061164353 0.36205888 0.22216927
3406.4722 0.25881484 0.29097322 0.16464092 0.223375
3410.048 0.23625316 0.21769056 0.19706711 0.22308955
3413.6243 -0.12640648 -0.14466476 0.40877643 0.2209561
3417.2004 -0.1603831 -0.14027868 0.4668645 0.22284153
3420.7764 0.26998457 0.26780978 0.29538766 0.22736274
3424.3525 0.17465895 0.14865068 0.2528649 0.22329578
3427.9287 0.32410756 0.2523167 0.26119262 0.22988854
3431.5046 0.3162978 0.27624106 0.34211072 0.23087631
3435.0808 -0.026616069 0.0039267708 0.36758396 0.2182873
3438.657 -0.06842588 -0.035068884 0.22752844 0.21249603
3442.233 0.29263616 0.35881063 0.22076541 0.2241342
3445.809 0.29066843 0.36531794 0.3309902 0.22714527
3449.3853 0.12915526 0.16613482 0.34581396 0.22554408
3452.9612 0.19622852 0.19184418 0.24105687 0.226763
3456.5374 0.28333512 0.2356752 0.18461978 0.2266516
3460.1133 0.1295114 0.024699258 0.2214743 0.22887059
3463.6895 0.2853708 0.39291894 0.2962898 0.22895357
3467.2656 0.25316244 0.41775402 0.4665149 0.22748356
3470.8416 0.14456682 0.14038181 0.47580525 0.22977053
3474.4177 0.32784563 0.2790081 0.22658691 0.23221762
3477.994 0.20305468 0.17424862 0.22933024 0.22566804
3481.5698 0.24150363 0.20729023 0.3765633 0.22857283
3485.146 0.40217984 0.45545596 0.42614335 0.23431465
3488.7222 0.282938 0.3391055 0.3420477 0.22778969
3492.298 0.10548145 0.024612792 0.35933936 0.22383176
3495.8743 0.34474695 0.27981466 0.515083 0.2383013
3499.4504 0.4450761 0.5020019 0.3545512 0.23459075
3503.0264 0.58581734 0.61049277 0.3945169 0.24103965
3506.6025 0.49262697 0.36341143 0.5299831 0.2439061
3510.1787 0.29361707 0.25604853 0.51022816 0.23399785
3513.7546 0.26974887 0.39493635 0.4608339 0.22938292
3517.3308 0.23721464 0.12118352 0.4860979 0.23407897
3520.9067 0.3506526 0.33085832 0.33258802 0.23102891
3524.483 0.57230735 0.6267278 0.2549842 0.23445053
3528.059 0.61639 0.61708075 0.2603216 0.23700778
3531.635 0.40077052 0.4070333 0.37896216 0.23324747
3535.2112 0.18154147 0.2372154 0.49132264 0.22839978
3538.7874 0.09457477 0.15835705 0.42742047 0.2235979
3542.3633 0.07910572 0.22339 0.50927335 0.22474264
3545.9395 0.77086145 0.73022497 0.35366064 0.24583502
3549.5156 0.47666186 0.51560676 0.3328711 0.23468283
3553.0916 0.041687027 0.08007027 0.48609236 0.22475913
3556.6677 0.31230655 0.24196818 0.56970805 0.2382738
3560.244 0.3306721 0.37785968 0.54514027 0.23625554
3563.8198 0.17723028 0.18912196 0.4622681 0.22624391
3567.396 0.5304865 0.613568 0.40572923 0.23749602
3570.972 0.15588082 0.12299814 0.46503443 0.22849967
3574.548 0.113094576 0.056939185 0.50040483 0.23259403
3578.1243 0.45867342 0.49239275 0.40135157 0.23719521
3581.7002 0.3535329 0.3749358 0.38690943 0.23191209
3585.2764 0.033366602 -0.019528002 0.50662404 0.23080267
3588.8525 0.12528045 0.08605003 0.4633834 0.2260147
3592.4285 0.3000825 0.29958335 0.4192023 0.23048216
3596.0046 0.4472074 0.43556112 0.6027588 0.24115124
3599.5808 0.42539674 0.4753877 0.625749 0.2386959
3603.1567 0.2680982 0.19203533 0.52472115 0.23759063
3606.733 0.24840194 0.3068516 0.47649288 0.2330387
3610.309 0.4493384 0.6109016 0.47293147 0.23550962
3613.885 0.7120636 0.67169785 0.4649489 0.24956745
3617.4612 0.8513267 0.92264456 0.45715 0.24771915
3621.0374 0.7976608 0.73492455 0.4555528 0.24773796
3624.6133 0.8029515 0.77666354 0.47505385 0.2477742
3628.1895 0.27687874 0.19653478 0.5342537 0.23581186
3631.7654 0.70168763 0.7042006 0.30994168 0.23967935
3635.3416 0.59146947 0.61886966 0.4164363 0.23824814
3638.9177 0.6205836 0.75355995 0.58444387 0.24321702
3642.4937 0.6127304 0.81520414 0.5437152 0.23966208
3646.0698 0.1127 0.285989 0.5118754 0.22282618
3649.646 0.5572293 0.7934143 0.45857507 0.23543128
3653.222 0.45909792 0.46178505 0.6193392 0.24137671
3656.798 0.65105844 0.8018491 0.5197525 0.24155246
3660.3743 0.502151 0.56928784 0.44511855 0.23603396
3663.9502 0.9359341 0.8727282 0.53459406 0.25531825
3667.5264 0.8860712 0.9464081 0.44915882 0.24897194
3671.1025 0.7935706 0.76772326 0.4951205 0.24870583
3674.6785 0.8328857 0.80147815 0.44500172 0.24767572
3678.2546 0.5185019 0.5628944 0.3753341 0.23449196
3681.8306 0.4952267 0.4565201 0.47738245 0.23838946
3685.4067 0.76970255 0.70952135 0.45122164 0.24556872
3688.983 0.58476025 0.55039763 0.4642291 0.24069335
3692.5588 0.52772534 0.50013524 0.65579915 0.24544702
3696.135 0.53065056 0.47632527 0.6094107 0.24358082
3699.7112 1.1052269 1.0810916 0.530713 0.25787562
3703.287 0.71261585 0.7700641 0.41131464 0.2407912
3706.8633 0.50017124 0.5942034 0.4268246 0.23422652
3710.4395 1.2836517 1.316474 0.34678113 0.25777695
3714.0154 1.2530922 1.224743 0.42741454 0.25898167
3717.5916 0.9796475 0.97153693 0.44883466 0.2517782
3721.1677 0.83691496 0.81930166 0.57765174 0.2525526
3724.7437 0.99929255 0.9299587 0.46176997 0.25337064
3728.3198 1.3157449 1.247239 0.440778 0.26217553
3731.896 0.76691693 0.8058048 0.62685066 0.25031012
3735.472 0.7265463 0.7095805 0.4442671 0.24418838
3739.048 1.3562417 1.2216125 0.48875508 0.26552477
3742.624 0.7022083 0.76519305 0.771792 0.2511377
3746.2002 0.66963595 0.7741899 0.62535554 0.2474437
3749.7764 0.6265016 0.70815057 0.42317805 0.23940805
3753.3523 0.88068235 0.80618507 0.45364904 0.25000128
3756.9285 1.4759711 1.4054021 0.47771314 0.26688004
3760.5046 1.3057921 1.2720258 0.5917537 0.265548
3764.0806 1.171924 1.2001908 0.453338 0.25546396
3767.6567 1.0465354 1.1010379 0.54403937 0.2555829
3771.233 1.4686902 1.3532883 0.45265412 0.26676857
3774.8088 0.7497058 0.7406108 0.56614745 0.24674842
3778.385 0.97300196 0.85163385 0.64811385 0.25828385
3781.9612 1.1358876 1.1516207 0.5077556 0.25769985
3785.537 0.8356798 0.7514055 0.7203967 0.25533462
3789.1133 0.9796257 0.9629861 0.45592028 0.25007665
3792.6895 0.39714274 0.41398475 0.5350146 0.23477334
3796.2654 1.2726635 1.2256479 0.62137026 0.26457688
3799.8416 1.2745758 1.2110429 0.6033541 0.26409033
3803.4175 1.2862514 1.3038514 0.57744503 0.26288146
3806.9937 1.1345026 1.0851871 0.5739469 0.25856358
3810.5698 1.1721264 1.0902047 0.6042291 0.26092044
3814.1458 1.569623 1.5940963 0.41449648 0.26647615
3817.722 1.4426086 1.4639676 0.55434304 0.2652132
3821.298 1.5707096 1.4664434 0.6844252 0.27434173
3824.874 1.3825973 1.3206091 0.52453536 0.26551813
3828.4502 1.2529539 1.2563106 0.66222006 0.26376206
3832.0264 1.4537344 1.4828331 0.6295384 0.26752818
3835.6023 1.210558 1.2170267 0.49568385 0.25756496
3839.1785 1.2153677 1.1922373 0.5594675 0.26111138
3842.7546 0.78564316 0.80337036 0.6425637 0.24911572
3846.3306 0.8717518 0.8967343 0.6256249 0.25092718
3849.9067 1.4673269 1.5463015 0.55707645 0.26728696
3853.4827 1.4464349 1.430208 0.63105196 0.26745385
3857.0588 1.6526915 1.5617588 0.5126658 0.2725312
3860.635 1.3005294 1.2382921 0.56729716 0.26536804
3864.211 1.084449 1.1130348 0.6488145 0.25723812
3867.787 0.789815 0.84864116 0.68422496 0.24940392
3871.3633 0.9868026 1.0681635 0.58887774 0.2539877
3874.9392 1.6784396 1.6448052 0.52297294 0.271909
3878.5154 1.8418294 1.703082 0.6774631 0.28215197
3882.0916 1.6559502 1.675029 0.61607146 0.2725754
3885.6675 1.5151026 1.4662118 0.6059142 0.27017388
3889.2437 1.372041 1.2922217 0.67556816 0.2684623
3892.8198 1.3115625 1.3448566 0.6269508 0.26381588
3896.3958 1.1522536 1.1091024 0.75049347 0.26486874
3899.972 1.0904356 1.0933019 0.77713907 0.26343378
3903.548 1.8519944 1.81577 0.7274775 0.28160444
3907.124 2.1866875 2.1994328 0.5815361 0.28469524
3910.7002 1.704374 1.6952486 0.7290919 0.2794888
3914.2761 1.5317919 1.4290749 0.6599849 0.27332434
3917.8523 1.9022825 1.8659309 0.5034193 0.2792159
3921.4285 1.6028395 1.598054 0.57695 0.2719778
3925.0044 1.8462117 1.7496164 0.615944 0.2786753
3928.5806 1.4558173 1.2916892 0.67652994 0.27187508
3932.1567 2.1385748 2.1270354 0.65186346 0.28641582
3935.7327 2.1921473 2.1167252 0.6732965 0.29006076
3939.3088 1.4022378 1.4256399 0.5608281 0.26326305
3942.885 2.0647824 1.9999919 0.7576836 0.28761655
3946.461 2.1649647 2.1920161 0.55985624 0.28411475
3950.037 1.8385203 1.8235824 0.8121862 0.28528577
3953.6133 1.9527823 1.9812268 0.62404495 0.28079447
3957.1892 2.30316 2.187422 0.42430812 0.2858836
3960.7654 2.1689758 2.0790405 0.52428544 0.2868006
3964.3413 2.0872014 1.9388181 0.47383788 0.28257105
3967.9175 2.2826486 2.18425 0.6830313 0.2933832
3971.4937 2.7554913 2.6196916 0.6247971 0.30179265
3975.0696 2.006116 2.1042087 0.6109541 0.28210977
3978.6458 1.9317802 2.0713513 0.7504373 0.28650796
3982.222 2.3231428 2.326669 0.69160026 0.2922406
3985.7979 2.6245112 2.5846238 0.65861183 0.29923123
3989.374 2.962285 2.898984 0.82110476 0.31153086
3992.9502 2.566045 2.466417 0.85262156 0.3038468
3996.5261 2.6057856 2.4489303 0.8955081 0.3054113
4000.1023 2.2767086 2.3430154 0.81188583 0.29226944
4003.6785 2.382288 2.431691 0.83783674 0.2973223
4007.2544 2.528829 2.4547086 0.82198626 0.29977578
4010.8306 2.027561 1.9841435 0.7919163 0.28670546
4014.4067 2.4850874 2.3723269 0.7787546 0.29963765
4017.9827 2.2787209 2.1771874 1.0667609 0.29872036
4021.5588 2.5895917 2.3864555 0.81617075 0.30379808
4025.1348 2.4842248 2.4567823 0.93985724 0.30284593
4028.711 2.7861547 2.949664 0.77894497 0.3037051
4032.287 2.648494 2.6245632 0.9222349 0.30449137
4035.863 2.403597 2.3268862 0.7107877 0.2945443
4039.4392 2.840221 2.7654462 0.81848234 0.30757815
4043.0154 2.3519452 2.2509868 0.88906956 0.29721552
4046.5913 2.5565076 2.4488087 0.95836306 0.30424768
4050.1675 2.732205 2.6852226 0.982328 0.30699182
4053.7437 2.7922366 2.7415416 0.91694385 0.3080551
4057.3196 3.2984517 3.1643736 0.7197675 0.31733412
4060.8958 3.6962807 3.6146631 0.78486794 0.32548037
4064.472 3.0756516 3.0129898 1.0218991 0.3180554
4068.0479 3.5419571 3.4573627 1.0041229 0.32895544
4071.624 3.4645286 3.306839 0.8961906 0.32510152
4075.2002 2.6019409 2.5277376 0.98655194 0.3060862
4078.7761 2.8591027 2.7184172 1.0569307 0.31316942
4082.3523 4.391396 4.1479897 0.9564417 0.34670454
4085.9282 3.9298983 3.6935697 1.1071975 0.3401749
4089.5044 3.890132 3.7650795 1.1006849 0.33824044
4093.0806 3.514078 3.4241967 0.87315893 0.32436132
4096.6567 4.2073293 3.9994895 0.9860739 0.34281042
4100.233 4.5535207 4.558108 1.0489861 0.35122576
4103.8086 4.7018228 4.500338 0.95755607 0.35234603
4107.385 3.9168692 3.7900853 1.0617943 0.33682433
4110.961 3.6006844 3.5920427 1.0414336 0.3302754
4114.537 4.239676 4.321107 0.82234657 0.33600804
4118.1133 4.9342766 4.8337216 0.84966636 0.3556474
4121.689 3.6534178 3.6578531 0.9920499 0.32865134
4125.265 3.5377166 3.414766 0.9922964 0.32735366
4128.8413 3.8937726 3.7924783 1.0158124 0.33598453
4132.4175 5.536605 5.320151 0.9657355 0.36916038
4135.9937 6.7259984 6.497079 1.0546851 0.39324614
4139.57 7.2505116 7.0756483 1.0257235 0.40049216
4143.1455 6.658349 6.4861264 0.877366 0.38775194
4146.7217 6.838806 6.5724487 1.0236077 0.3945866
4150.298 5.536823 5.351224 1.0634059 0.36996529
4153.874 6.1333632 5.9416122 0.8399389 0.37742543
4157.45 7.2469144 6.9889092 0.8464569 0.3990218
4161.026 7.3491335 7.004448 0.84780294 0.40288377
4164.602 8.345396 8.031143 0.9364668 0.4205229
4168.178 8.288619 7.960333 1.0794983 0.42054704
4171.7544 8.5649185 8.31351 0.9594126 0.424479
4175.3306 8.101599 7.724126 1.0772378 0.41887102
4178.9067 7.655119 7.466744 1.2191921 0.41187987
4182.4824 6.9319983 6.5927243 0.9744052 0.3959027
4186.0586 5.870617 5.6877556 0.99653137 0.3756546
4189.635 3.9647253 3.8386388 1.1229662 0.34012815
4193.211 3.9145007 3.8189337 0.96931684 0.3366006
4196.787 4.2366495 4.0338397 0.8518859 0.34030068
4200.3633 3.3475652 3.2770514 1.1123459 0.32441482
4203.939 4.851219 4.718353 0.93249047 0.35322368
4207.515 5.9225574 5.775046 0.90325946 0.37558123
4211.0913 6.2623053 6.0346885 0.9901999 0.38536328
4214.6675 6.797868 6.557395 0.95759887 0.39271414
4218.2437 6.3719115 6.1566114 0.9301733 0.38363352
4221.8193 7.1408515 6.9160056 1.0405128 0.4002437
4225.3955 6.9995985 6.7557235 1.0846171 0.39883515
4228.9717 6.968267 6.7073054 0.8782167 0.3950812
4232.548 7.2041273 6.9160943 0.8775114 0.3997211
4236.124 7.152609 6.898653 1.090924 0.40213025
4239.7 6.7773714 6.4789286 0.9919616 0.39357877
4243.276 7.236977 6.9514112 1.021535 0.402115
4246.852 7.11093 6.8426743 0.88406974 0.39804688
4250.428 7.1845975 6.910226 1.0052068 0.40067738
4254.0044 6.9873495 6.867453 0.9053355 0.39323065
4257.5806 6.5847845 6.3700604 0.96766835 0.38808224
4261.1567 7.0368667 6.774871 1.0144105 0.39681965
4264.7324 5.759182 5.498608 0.98403835 0.3741368
4268.3086 5.135645 4.9388027 1.0634301 0.3630085
4271.885 5.015297 4.8653193 1.1076055 0.35977155
4275.461 5.23343 4.9198546 0.9813075 0.36442032
4279.037 5.018057 4.8969707 0.9176492 0.3555826
4282.613 5.6778316 5.42299 1.114846 0.3746703
4286.189 5.5355434 5.3833046 1.0608335 0.37116033
4289.765 5.7833576 5.5758715 1.104787 0.37648788
4293.3413 5.1995907 5.0682693 1.0517317 0.36266807
4296.9175 4.9754963 4.8159623 0.9241213 0.35559168
4300.4937 5.0835853 4.9075017 1.0383996 0.36036956
4304.0693 5.386957 5.244809 0.9342581 0.3639588
4307.6455 5.2512846 5.198465 0.81790227 0.35951257
4311.2217 5.219758 4.955807 0.94905114 0.36181676
4314.798 5.4276147 5.353188 0.8144582 0.3614263
4318.374 5.2608023 5.155047 0.9366733 0.36199966
4321.95 5.256917 5.087911 0.98378414 0.36337683
4325.526 4.7092805 4.5080433 0.9841609 0.35202515
4329.102 5.0923557 4.825823 1.108927 0.36197674
4332.678 5.1338654 4.9944034 1.0956002 0.36149934
4336.2544 5.0774455 4.839852 1.2764336 0.36498868
4339.8306 5.1117268 4.973903 1.07459 0.35980353
4343.4062 4.595546 4.464052 1.1325006 0.3510666
4346.9824 5.201468 5.1727223 1.0509669 0.35995254
4350.5586 4.917071 4.730749 1.0028921 0.3552284
4354.135 4.6081433 4.4037986 1.1749599 0.35342073
4357.711 4.4032063 4.3035645 1.171705 0.34677735
4361.287 4.879127 4.8316135 1.226351 0.35745084
4364.863 5.2085104 5.3264246 1.2272178 0.36288306
4368.439 4.3455806 4.1884727 1.3531117 0.3489686
4372.015 4.1636667 4.155801 1.3611546 0.3443756
4375.5913 4.2408204 4.2961025 1.2874151 0.3444684
4379.1675 4.8688064 4.7107162 0.8699624 0.3521744
4382.7437 4.352061 4.285263 0.99460894 0.34295633
4386.3193 4.23247 4.0394754 1.0404153 0.3420894
4389.8955 3.5632188 3.6143274 1.15442 0.3264575
4393.4717 4.3463955 4.1985016 1.069847 0.34385642
4397.048 3.95402 3.8401382 1.4057561 0.3417391
4400.624 4.703765 4.590703 1.0132744 0.34917563
4404.1997 4.1978145 4.069249 1.235732 0.34434256
4407.776 4.5466824 4.335155 1.086478 0.35018918
4411.352 4.8278313 4.7577314 1.0578848 0.35287362
4414.928 4.8207297 4.693171 1.1038907 0.35345674
4418.5044 4.7514677 4.6453595 1.0247755 0.3511901
4422.0806 4.644793 4.507465 1.4393317 0.35672176
4425.6562 4.8302755 4.687886 1.4032103 0.3600787
4429.2324 4.505039 4.4529796 1.3272184 0.3514087
4432.8086 4.5934515 4.391355 1.3905227 0.3560911
4436.385 4.856047 4.663583 1.1285574 0.35656807
4439.961 5.1269445 4.999302 1.1931902 0.36191192
4443.5366 4.990548 4.8275146 1.2909992 0.36172423
4447.113 4.772619 4.6584845 1.3096718 0.3580155
4450.689 4.910806 4.829657 1.239961 0.35842508
4454.265 4.9670625 4.7855806 1.1725084 0.35956448
4457.8413 4.6363726 4.6682606 1.5331426 0.35646677
4461.4175 4.725046 4.642795 1.2457206 0.3554739
4464.993 5.011924 4.8963876 1.3786646 0.36305353
4468.5693 5.5326343 5.370864 1.3512919 0.37248763
4472.1455 5.8722606 5.7550254 1.1655371 0.37655187
4475.7217 5.306726 5.083109 1.2552196 0.36798725
4479.298 5.4535055 5.3944907 1.128989 0.36591926
4482.874 4.908614 4.8013515 1.3207707 0.35901353
4486.4497 5.2458863 5.071769 1.2878792 0.36563367
4490.026 4.3493447 4.1975946 1.5284622 0.35154596
4493.602 4.9363403 4.859328 1.4172478 0.36345848
4497.178 5.5547814 5.4616323 1.2331884 0.37110668
4500.7544 5.775512 5.681613 1.1708095 0.3728764
4504.33 5.586031 5.4405775 1.2493857 0.3728001
4507.9062 5.029409 4.8968916 1.1818521 0.36050096
4511.4824 5.041359 4.908519 1.2619143 0.3618341
4515.0586 4.84604 4.7368784 1.2588929 0.35654664
4518.635 4.944949 4.8924174 1.3365206 0.36028668
4522.211 4.9821463 4.813592 1.2940238 0.3609494
4525.7866 5.2271423 5.137372 1.3775405 0.36659837
4529.363 5.408492 5.269955 1.2391129 0.368189
4532.939 4.9490595 4.7968884 1.3293151 0.3623606
4536.515 4.5339866 4.3022633 1.3321117 0.35394368
4540.0913 5.439372 5.3313837 1.2382606 0.3678727
4543.6675 4.468527 4.350198 1.3913842 0.35166362
4547.243 5.1977205 5.0384073 1.4080933 0.3669484
4550.8193 5.7531805 5.6927247 1.2767003 0.37460557
4554.3955 4.8918195 4.7438097 1.2422106 0.3596733
4557.9717 5.42634 5.225068 1.2080771 0.36850244
4561.548 5.289801 5.074906 1.3917663 0.36946055
4565.1235 5.4990325 5.421699 1.2812488 0.3697945
4568.6997 5.063434 4.863861 1.3577873 0.36366436
4572.276 5.038374 4.935879 1.2491546 0.36173904
4575.852 5.290973 5.1638994 1.1078074 0.3645177
4579.428 4.8044305 4.731023 1.429232 0.35994852
4583.0044 5.480298 5.231013 1.5130676 0.37551612
4586.58 5.5470123 5.504941 1.3813856 0.3715163
4590.1562 5.7125077 5.676681 1.3370079 0.37444007
4593.7324 5.512352 5.338759 1.3655977 0.37392136
4597.3086 5.207643 5.1252265 1.455412 0.36774972
4600.885 5.373199 5.3178124 1.1985993 0.3657331
4604.461 5.08022 4.876926 1.3625705 0.3641221
4608.0366 5.2870784 5.1642637 1.3651191 0.36636057
4611.613 4.97406 4.761309 1.5172793 0.36472836
4615.189 4.5124855 4.4703455 1.3968945 0.35197198
4618.765 5.4966826 5.321003 1.1991913 0.36964908
4622.3413 5.3964334 5.2119746 1.289544 0.3685389
4625.917 5.126902 5.058535 1.1732439 0.36056626
4629.493 5.3081126 5.1434226 1.3848286 0.3696364
4633.0693 5.514625 5.330831 1.3526822 0.3730273
4636.6455 5.280822 5.2033577 1.2456429 0.3665395
4640.2217 5.453447 5.3422637 1.2750763 0.36963275
4643.798 5.3311977 5.240849 1.4171854 0.36837757
4647.3735 5.3045397 5.251733 1.3378383 0.36743686
4650.9497 5.6120396 5.4420285 1.2374458 0.37227
4654.526 5.1579027 4.9952602 1.3214856 0.36457717
4658.102 5.441461 5.3958664 1.432404 0.37117037
4661.678 5.2926726 5.17029 1.3261048 0.36699793
4665.2544 5.7685738 5.5698633 1.3519593 0.37660646
4668.83 5.5217285 5.2521725 1.5564665 0.3775334
4672.4062 5.3631673 5.12029 1.4961939 0.3732005
4675.9824 5.205662 5.1326632 1.4975964 0.3684567
4679.5586 4.9945483 4.8040705 1.3322461 0.36132511
4683.135 4.891675 4.7347198 1.448112 0.3613553
4686.7104 6.2875686 6.1606817 1.3582045 0.3863982
4690.2866 6.188077 5.9786854 1.262818 0.38330993
4693.863 5.584263 5.4584126 1.4718064 0.37612537
4697.439 6.142943 6.0205035 1.3631356 0.38330382
4701.015 5.815939 5.676954 1.3066096 0.37609673
4704.5913 5.846461 5.8022127 1.2138311 0.37469456
4708.167 6.18233 6.0267134 1.4733557 0.38602242
4711.743 6.060649 5.7162538 1.293967 0.38368124
4715.3193 6.4015913 6.3186326 1.3122996 0.38829932
4718.8955 6.5294595 6.3579 1.123782 0.38728958
4722.4717 6.060496 6.0046897 1.2292494 0.37894583
4726.0474 5.9239936 5.855881 1.3571154 0.3787044
4729.6235 6.431715 6.263491 1.3019441 0.38926357
4733.1997 6.711607 6.5973806 1.278268 0.39277068
4736.776 6.44767 6.178815 1.1914414 0.38766584
4740.352 6.1132345 5.859181 1.4635574 0.38615164
4743.928 6.475031 6.322427 1.4150392 0.39026666
4747.504 6.480901 6.364446 1.1749836 0.38655704
4751.08 6.3249054 6.1349993 1.4551265 0.38969684
4754.6562 6.7383876 6.5300517 1.3341783 0.39453575
4758.2324 6.233794 5.9336233 1.4196115 0.38861585
4761.8086 6.912339 6.6686263 1.4081811 0.40033206
4765.385 7.034084 6.849559 1.3697871 0.4003551
4768.9604 6.5485663 6.3594775 1.2143396 0.3886122
4772.5366 6.4663725 6.2465897 1.1200454 0.38617232
4776.113 7.280648 6.98052 1.3526323 0.40582022
4779.689 6.6598153 6.566645 1.3684659 0.39566258
4783.265 7.070024 6.8741183 1.4214249 0.4020438
4786.841 6.6455 6.453887 1.3532051 0.3931483
4790.417 6.412293 6.215198 1.5064236 0.39189556
4793.993 7.204879 7.206865 1.1564407 0.39899606
4797.5693 6.5100765 6.3146634 1.3079472 0.39089748
4801.1455 7.2713366 7.078501 1.3949378 0.40532285
4804.7217 7.0933027 6.914446 1.3039871 0.39968565
4808.2974 5.7827373 5.6704254 1.2027793 0.37525058
4811.8735 6.7941413 6.607609 1.3841579 0.39632088
4815.4497 6.618549 6.394472 1.3182409 0.3933881
4819.026 7.0083313 6.7786427 1.2353351 0.3973456
4822.602 5.5693903 5.3708806 1.3107651 0.37466496
4826.178 6.053163 5.943516 1.3446002 0.38062033
4829.754 5.7774177 5.4684405 1.3514003 0.3785402
4833.33 5.922313 5.725804 1.296863 0.37884542
4836.9062 6.0555696 5.9392767 1.2845145 0.3802784
4840.4824 6.0916653 5.910558 1.4319386 0.3839803
4844.0586 6.2326217 5.999606 1.2941577 0.38542315
4847.6343 5.834028 5.5870667 1.254349 0.37708792
4851.2104 6.3808618 6.1997223 1.2529752 0.38643187
4854.7866 5.680988 5.481877 1.3005065 0.37490067
4858.363 5.706946 5.4807205 1.2165213 0.3737779
4861.939 5.9896255 5.857982 1.2324371 0.37769684
4865.515 5.0870028 5.051558 1.2783295 0.3611281
4869.091 6.0034404 5.800039 1.1899436 0.37864983
4872.667 5.649326 5.4744964 1.2002469 0.3722773
4876.243 5.7128334 5.5879316 1.1756463 0.37151474
4879.8193 5.76455 5.6552563 1.2821242 0.37353632
4883.3955 5.871609 5.7803807 1.2909693 0.3781179
4886.9717 5.4431577 5.29334 1.3119699 0.36987105
4890.5474 5.571967 5.335981 1.3569108 0.37271437
4894.1235 5.878791 5.701238 1.3350701 0.3773294
4897.6997 6.066701 5.852292 1.1722894 0.38022602
4901.276 5.607364 5.444455 1.2224673 0.3724263
4904.852 5.553832 5.380213 1.3679727 0.37407508
4908.4277 6.475151 6.1910324 1.3082706 0.39155626
4912.004 6.1448174 6.0791264 1.225112 0.38081264
4915.58 6.217061 6.089281 1.0931236 0.37964553
4919.1562 6.3678718 6.227453 0.97938883 0.38093278
4922.7324 6.0403943 5.785798 1.2869611 0.38261804
4926.3086 6.0310764 5.7792673 1.329559 0.38292494
4929.8843 5.7973523 5.7120223 1.2526792 0.37439507
4933.4604 5.494485 5.4055943 1.1835952 0.36747158
4937.0366 5.700747 5.6579313 1.2868016 0.3726041
4940.613 6.003253 5.8401303 1.4229231 0.3816543
4944.189 5.9495564 5.8885713 1.2898583 0.37846938
4947.765 5.984851 5.8577 1.0943956 0.37609914
4951.341 5.6982865 5.6481786 1.3330637 0.37420756
4954.917 6.054889 5.971262 1.2491757 0.37998357
4958.493 6.273338 6.1146946 1.1683553 0.38364944
4962.0693 5.3266115 5.3467617 1.1397636 0.36236584
4965.6455 5.072051 4.944966 1.3143159 0.36182663
4969.221 5.814966 5.694153 1.3628402 0.37655056
4972.7974 6.501245 6.362474 1.1850156 0.3863042
4976.3735 5.6632986 5.429313 1.2488673 0.37289304
4979.9497 6.4047666 6.1830964 1.2035236 0.38616204
4983.526 5.7603397 5.581874 1.1973507 0.37324739
4987.102 6.2021914 6.015892 1.1897779 0.38224098
4990.6777 5.67417 5.5284047 1.351976 0.37367812
4994.254 5.8514624 5.661036 1.351868 0.37869227
4997.83 6.553342 6.382923 1.0966698 0.38648787
5001.4062 6.3980556 6.2976074 1.2321802 0.38608405
5004.9824 6.529796 6.353606 1.2047461 0.38895607
5008.558 5.7418375 5.6683717 1.2291702 0.37293726
5012.1343 5.3441195 5.192658 1.1940088 0.3648879
5015.7104 5.972727 5.78803 1.175834 0.37790072
5019.2866 6.3167815 6.156513 1.2594447 0.3838848
5022.863 6.507988 6.478398 1.16354 0.3862253
5026.439 5.3364253 5.3229423 1.1992747 0.36370096
5030.0146 6.602644 6.377883 1.04672 0.38858935
5033.591 6.0022197 5.9192924 1.1802529 0.3770994
5037.167 5.922634 5.7279363 1.3346958 0.38015485
5040.743 5.493929 5.311093 1.1778562 0.3681055
5044.3193 6.094069 5.999718 1.0984021 0.3779139
5047.8955 5.720059 5.5613008 1.2477028 0.37353185
5051.471 6.1296215 5.934625 1.2228701 0.38044667
5055.0474 6.2846723 6.1140246 1.1165547 0.38252243
5058.6235 6.0967607 5.9508457 1.0975215 0.3797046
5062.1997 6.2658696 6.08034 1.0593574 0.38054663
5065.776 6.5269427 6.349789 1.1822422 0.38783202
5069.3516 6.2310047 6.0166593 1.2860727 0.38588145
5072.9277 5.609821 5.451117 1.3379527 0.37260544
5076.504 6.344378 6.185152 1.1984633 0.38364384
5080.08 5.6845174 5.588855 1.2121685 0.37182572
5083.6562 6.2553787 6.1637526 1.1655911 0.38179773
5087.2324 6.4617524 6.3561707 1.2899234 0.3880743
5090.808 6.139962 6.007014 1.0906278 0.37908843
5094.3843 6.01758 5.993417 1.1599878 0.3767151
5097.9604 6.3802834 6.252262 1.206302 0.3846682
5101.5366 6.665154 6.5687175 1.1211486 0.38842532
5105.113 5.8822913 5.8887362 1.2755859 0.37490794
5108.689 6.0705886 5.9422183 1.2994618 0.37976402
5112.2646 5.88383 5.689351 1.2575225 0.37760335
5115.841 6.065478 5.8927846 1.1977962 0.38049105
5119.417 6.46191 6.2753716 1.1102593 0.38574243
5122.993 6.312507 6.070132 1.2525549 0.38643402
5126.5693 6.271116 6.0708337 1.3342088 0.38597497
5130.145 6.7378798 6.5169234 1.1759278 0.39153045
5133.721 6.0372295 5.910714 1.225153 0.379545
5137.2974 6.700018 6.6304517 1.1334339 0.38914534
5140.8735 7.0542555 6.842576 1.1745477 0.397563
5144.4497 5.879097 5.7795606 1.2209011 0.37443292
5148.026 5.8198123 5.5809345 1.299642 0.37694967
5151.6016 5.8118916 5.703819 1.4499105 0.37838903
5155.1777 6.927477 6.791157 1.1832665 0.39434418
5158.754 6.032912 5.8704753 1.2001003 0.3793682
5162.33 6.904777 6.7685113 0.8560413 0.38912383
5165.9062 6.668782 6.485824 1.2064624 0.39076167
5169.4824 6.574393 6.3900375 1.2017047 0.39078513
5173.058 6.7714634 6.581609 0.99082637 0.39080137
5176.6343 7.3047442 6.98975 0.9376939 0.4001144
5180.2104 7.378639 7.0842233 1.1968017 0.4064243
5183.7866 7.361573 7.2043686 1.0527694 0.40064904
5187.363 6.8998823 6.7737117 1.0496343 0.39255023
5190.9385 6.8349195 6.658101 1.1849358 0.3932974
5194.5146 7.5431204 7.2594285 1.4504918 0.41134924
5198.091 7.604503 7.3474717 1.1930292 0.40901452
5201.667 7.8873053 7.6837783 1.0724915 0.41118246
5205.243 7.5781913 7.5067058 1.2325656 0.40639558
5208.8193 8.114492 7.8366985 1.3014296 0.41918525
5212.395 7.6291394 7.478123 1.283919 0.40850258
5215.971 8.522808 8.2486515 1.3381821 0.42563057
5219.5474 8.013679 7.890677 1.2982509 0.41539642
5223.1235 8.135229 7.845276 1.3038068 0.42065644
5226.6997 7.007091 6.727881 1.3374928 0.40091854
5230.276 9.012784 8.685453 1.1881766 0.43259072
5233.8516 8.371714 8.150204 1.3460475 0.42297295
5237.4277 9.0869465 8.837913 1.044952 0.43053558
5241.004 8.649038 8.356312 1.3873177 0.4292149
5244.58 8.4419985 8.215955 1.3400742 0.42470342
5248.1562 8.934867 8.894804 1.2266715 0.43008232
5251.732 9.867131 9.482804 1.320588 0.44858274
5255.308 9.421327 9.231963 1.1280162 0.43678656
5258.8843 9.754182 9.635268 1.1084986 0.44163626
5262.4604 9.498101 9.181678 1.3758278 0.44517955
5266.0366 9.75735 9.489924 1.1124262 0.4443177
5269.613 10.105893 9.808166 1.2055252 0.44942215
5273.1885 9.9662285 9.719912 1.2298406 0.44925568
5276.7646 10.008113 9.779198 1.2639525 0.44924158
5280.341 10.558293 10.184172 1.1751556 0.4567409
5283.917 10.307486 10.139164 1.1389756 0.45066985
5287.493 9.8097925 9.559759 1.2523948 0.44500646
5291.069 9.022693 8.789782 1.3994164 0.4357678
5294.645 9.857535 9.522549 1.2215568 0.44687766
5298.221 9.156611 8.922978 1.3053936 0.43484953
5301.7974 8.235107 8.003941 1.3922287 0.42172772
5305.3735 7.8368196 7.7139378 1.4985945 0.41513997
5308.9497 8.8204365 8.482822 1.4666015 0.4348405
5312.5254 8.073707 7.8696322 1.334756 0.41816065
5316.1016 8.251406 8.280565 0.976755 0.41462517
5319.6777 8.046112 7.8563137 1.3800194 0.41855592
5323.254 8.29734 8.1489315 1.1019462 0.41787198
5326.83 8.542478 8.29216 1.2144358 0.4246038
5330.4062 7.260024 7.056009 1.434926 0.40567502
5333.982 7.315026 7.141966 1.4056004 0.40634593
5337.558 8.056092 7.8902063 1.0838 0.41307735
5341.1343 7.8661327 7.68991 1.2586285 0.41280016
5344.7104 7.17501 6.963526 1.2549284 0.40111405
5348.2866 7.1328707 6.9917545 1.1762668 0.39872187
5351.8623 6.869591 6.690737 1.3086473 0.39559844
5355.4385 6.2205014 5.949615 1.2347425 0.38395652
5359.0146 6.986795 6.748801 1.2646191 0.39750555
5362.591 7.1363444 6.946557 1.255898 0.3997847
5366.167 6.275417 6.074688 1.3559835 0.38610184
5369.743 7.512539 7.243434 1.1197315 0.40519127
5373.319 6.8849764 6.850568 1.2409523 0.39328313
5376.895 6.4446654 6.2119017 1.308915 0.38921368
5380.471 6.8540726 6.6136355 1.3646455 0.3969988
5384.0474 6.9105377 6.7096553 1.211254 0.39584935
5387.6235 6.7237372 6.6555457 1.1348168 0.390945
5391.1997 7.4020276 7.324554 0.99818486 0.40075612
5394.7754 6.0647354 5.937152 1.3075569 0.38161498
5398.3516 6.3158627 6.138352 1.0131767 0.3806054
5401.9277 6.819598 6.5654793 0.996754 0.39064455
5405.504 6.714041 6.622724 1.0544721 0.38836366
5409.08 6.306926 6.073362 1.2521276 0.38506454
5412.656 6.306357 6.217193 1.0376104 0.37945643
5416.232 6.7007303 6.4995565 1.1135055 0.3894409
5419.808 6.078946 5.9135194 1.1520374 0.37958476
5423.3843 6.5185723 6.3215413 1.2901947 0.38998842
5426.9604 6.926256 6.726439 1.0820216 0.39357457
5430.5366 7.0301337 6.77952 1.1762649 0.39778334
5434.1123 6.8845425 6.6159234 1.0485779 0.39309636
5437.6885 6.7528367 6.5497904 1.41267 0.3973183
5441.2646 6.0879354 6.1715684 1.1424705 0.375699
5444.841 6.6151547 6.533273 1.2194557 0.38796443
5448.417 6.6356726 6.5077395 1.0233659 0.38669416
5451.993 6.6380315 6.5058537 1.3081055 0.3917984
5455.569 6.683591 6.5249257 1.2027752 0.38985994
5459.145 7.022606 6.9534473 1.1223593 0.3949734
5462.721 6.390154 6.21138 1.4839067 0.39102677
5466.2974 6.974046 6.8635464 1.2659893 0.39629823
5469.8735 6.8111224 6.6953773 1.0924782 0.39045987
5473.449 6.5432916 6.44411 0.9821714 0.38414347
5477.0254 7.085081 6.880039 1.121594 0.3974674
5480.6016 7.117559 6.983904 1.1105549 0.39635348
5484.1777 6.4893994 6.4710326 1.2286845 0.38714725
5487.754 6.6786604 6.5088983 1.1124799 0.3891778
5491.33 6.715823 6.5661993 1.2479697 0.3928784
5494.906 6.4093633 6.3368177 1.2421235 0.38673452
5498.482 6.5393157 6.445484 1.2765198 0.38986748
5502.058 7.0510383 6.8577437 1.4197241 0.40172234
5505.6343 6.995673 6.8391147 1.2022129 0.39664745
5509.2104 6.743936 6.583328 1.231971 0.39189228
5512.786 6.243469 6.1104417 1.2981782 0.384618
5516.3623 6.6278744 6.5868387 1.2160324 0.38864887
5519.9385 6.4133277 6.2289076 1.3103154 0.3880135
5523.5146 6.411764 6.225899 1.306555 0.3879615
5527.091 7.0947824 6.969556 0.97505754 0.39336702
5530.667 7.378791 7.308916 1.0887355 0.40187705
5534.2427 6.601232 6.5605407 1.3824626 0.3917287
5537.819 6.106047 5.9972773 1.2886231 0.38126615
5541.395 6.981895 6.7752247 1.0813478 0.3950364
5544.971 6.316969 6.1120486 1.2816662 0.38577422
5548.5474 6.7192802 6.5317154 1.2244521 0.39240065
5552.1235 6.453578 6.350469 1.1868564 0.38641068
5555.699 6.920629 6.660837 1.0980031 0.39512512
5559.2754 6.6529655 6.423193 1.257608 0.39229503
5562.8516 6.37779 6.1708884 1.1799568 0.3858389
5566.4277 6.7160172 6.6156893 2.5008626 0.40976778
5570.004 6.070766 5.783506 3.6713705 0.4173309
5573.5796 7.0346365 6.783072 3.6336193 0.43399662
5577.156 6.4297366 6.4110017 3.754193 0.42175505
5580.732 6.498553 6.5315228 3.2420456 0.4152731
5584.308 6.582972 6.3568754 2.1417034 0.40305823
5587.8843 6.100174 5.9108233 1.1642319 0.38064468
5591.4604 6.2380238 6.214538 1.123171 0.37935975
5595.036 6.325741 6.133912 1.2402236 0.38455912
5598.6123 6.301557 6.1356297 0.9540226 0.37965265
5602.1885 6.6701784 6.4053617 1.2485422 0.3924179
5605.7646 5.58828 5.4352674 1.1671584 0.36978424
5609.341 6.3625703 6.2304797 1.1992794 0.38405037
5612.917 6.496417 6.201122 1.3739231 0.3920165
5616.4927 6.4807754 6.3210673 1.051652 0.38425675
5620.069 6.574092 6.455695 1.3046468 0.38850704
5623.645 7.0200577 6.805627 1.2173443 0.39629558
5627.221 7.3339105 7.1727967 1.1658167 0.4019414
5630.7974 6.5071425 6.4490476 1.0815736 0.38607034
5634.373 6.536446 6.374754 1.0272672 0.38537312
5637.949 7.3790646 7.1240034 1.1333941 0.40279654
5641.5254 6.4550138 6.299417 1.0506765 0.38442293
5645.1016 6.2452674 6.118854 1.1169096 0.3810217
5648.6777 6.7711725 6.558845 1.3076178 0.39469662
5652.254 6.143186 5.9814568 1.0764177 0.3781949
5655.8296 6.905073 6.6857104 1.0314078 0.3948156
5659.406 6.1269364 6.1704144 1.1209929 0.37696236
5662.982 5.984926 5.843936 1.242923 0.37827748
5666.558 6.4073877 6.269947 1.1286058 0.38412595
5670.1343 6.377882 6.245101 1.1241567 0.3832804
5673.7104 6.4759407 6.1541724 1.2703056 0.38970658
5677.286 6.2935696 6.031885 1.1812469 0.38404325
5680.8623 6.4049554 6.147994 1.0143414 0.38363126
5684.4385 6.694993 6.488473 1.181415 0.39149994
5688.0146 6.409001 6.1957803 1.2999288 0.38837016
5691.591 5.9678307 5.755609 1.233583 0.3793839
5695.1665 6.493452 6.421789 1.0891905 0.38344002
5698.7427 6.9667435 6.8278704 1.1512696 0.3951919
5702.319 6.1922617 5.978607 1.22885 0.38275135
5705.895 5.880216 5.759434 1.1064281 0.37306085
5709.471 5.913558 5.836048 1.2512583 0.37590674
5713.0474 5.7204447 5.5553923 1.1108881 0.37153098
5716.623 6.0944943 5.9459867 0.9214411 0.37445292
5720.199 6.289196 6.112744 1.1612101 0.3830833
5723.7754 6.3087907 6.0611386 1.1022226 0.38345137
5727.3516 6.490665 6.266923 1.196878 0.3872922
5730.9277 6.4210153 6.2260666 1.2900997 0.3873909
5734.504 6.077841 5.840439 1.0599642 0.37832153
5738.0796 5.72106 5.523014 0.9790142 0.36986804
5741.656 6.1846304 6.0350537 1.0438075 0.37849987
5745.232 6.126938 6.0049143 1.066573 0.37702733
5748.808 5.6006 5.4103622 1.08127 0.36815703
5752.3843 5.8274965 5.6165915 1.1293906 0.37428927
5755.96 6.0181546 5.8817997 1.0733184 0.37609577
5759.536 5.8439374 5.597457 1.195146 0.3760281
5763.1123 5.9049444 5.653839 1.0715005 0.37511575
5766.6885 6.08533 5.799496 1.0831808 0.38021705
5770.2646 6.267227 6.045047 1.1390992 0.38438833
5773.841 5.459475 5.3158183 1.2164727 0.36763477
5777.4165 5.88322 5.725537 1.2577432 0.37629092
5780.9927 6.1963053 6.133116 1.1679206 0.38005838
5784.569 5.597902 5.565614 1.0327339 0.3672615
5788.145 5.7443066 5.5875187 1.1011053 0.37263808
5791.721 6.0813947 5.8988247 1.2271411 0.38112342
5795.297 5.514175 5.3475847 1.1782966 0.36814737
5798.873 5.6332846 5.452749 1.1277732 0.37015134
5802.449 6.0839725 5.980819 1.1480311 0.378585
5806.0254 6.564092 6.387024 1.0042448 0.38502306
5809.6016 6.097012 5.9094467 1.161908 0.37985644
5813.1777 6.134213 6.0561113 1.2058122 0.38031194
5816.7534 5.935705 5.785083 1.1032318 0.3746437
5820.3296 6.2316575 6.0102773 1.080113 0.38061762
5823.906 6.2940106 6.173297 1.1361027 0.38282865
5827.482 5.84845 5.8125286 1.1289356 0.3723987
5831.058 5.7725806 5.550913 1.2245743 0.37517884
5834.6343 5.810348 5.5234427 1.2726381 0.37716034
5838.21 5.9665737 5.770536 1.2479284 0.37859526
5841.786 5.5164557 5.3866043 1.135999 0.36672
5845.3623 6.115462 5.9876966 1.0772524 0.3791779
5848.9385 6.041748 5.9321804 1.1194617 0.3774846
5852.5146 6.0885773 5.989785 1.2041278 0.37862352
5856.0903 5.4903173 5.4726853 1.2312609 0.36792392
5859.6665 5.843625 5.750591 1.1498579 0.37351927
5863.2427 5.9074025 5.789128 1.1975323 0.37602437
5866.819 6.043048 6.09883 1.1907578 0.37718213
5870.395 6.0155735 6.0113163 1.2250254 0.37690124
5873.971 5.801485 5.7243505 1.298842 0.37545273
5877.547 6.054027 5.9507833 1.1356567 0.377618
5881.123 5.321616 5.3154917 1.6338532 0.371
5884.699 5.396113 5.562169 2.5664682 0.38449657
5888.2754 5.825421 5.6623797 3.6372693 0.413401
5891.8516 5.582039 5.43521 4.364072 0.41847667
5895.4277 5.361926 5.3367176 4.5736685 0.4149555
5899.0034 6.0113254 5.887074 3.7713535 0.41551986
5902.5796 6.3887115 6.288143 2.3885436 0.4024263
5906.156 6.7131753 6.5375404 1.7407817 0.40076575
5909.732 6.5058055 6.299453 1.4114854 0.39121768
5913.308 5.366991 5.2785764 1.1756974 0.36366415
5916.884 5.199249 5.055478 1.2830242 0.3639589
5920.46 5.791436 5.492453 1.2342671 0.37637103
5924.036 5.420593 5.269374 1.2643601 0.36906403
5927.6123 5.371929 5.2297645 1.2753158 0.36798823
5931.1885 5.5141263 5.3540225 1.3798709 0.37173963
5934.7646 5.236866 5.14463 1.1171206 0.36155882
5938.3403 5.007055 4.897238 1.3821669 0.3616254
5941.9165 5.9977427 5.9329324 1.4262873 0.3812212
5945.4927 5.573618 5.5525246 1.0524803 0.3663835
5949.069 5.769037 5.6521773 1.0647699 0.3714477
5952.645 6.190783 5.9844813 1.1770431 0.38284895
5956.221 6.577461 6.4823136 1.2703753 0.38977376
5959.797 6.225876 6.0710506 1.3471195 0.38466316
5963.373 5.6164455 5.3719554 1.2215486 0.3722984
5966.949 6.24263 5.975724 1.0646944 0.38137773
5970.5254 6.2865825 6.0655785 1.2461689 0.38455856
5974.1016 5.9626594 5.960262 1.3066816 0.37778416
5977.6772 5.541777 5.545614 1.1990354 0.36729875
5981.2534 6.0453935 5.9344893 1.1108278 0.37572235
5984.8296 6.021588 5.793884 1.1634104 0.3784724
5988.406 6.244273 5.98874 1.0443556 0.3809066
5991.982 5.9191923 5.852079 1.0674566 0.3737881
5995.558 5.9432907 5.777765 1.1690557 0.3773523
5999.134 5.3189588 5.0883064 1.2519133 0.36715773
6002.71 5.6069727 5.5165358 1.1718359 0.37043002
6006.286 5.624808 5.48689 1.1745758 0.3710111
6009.8623 6.1719017 6.0328593 1.002355 0.37898394
6013.4385 5.8445897 5.698042 1.0351821 0.37268195
6017.0146 5.8555603 5.6227098 1.195962 0.37609002
6020.5903 5.463915 5.442567 1.0377377 0.3632085
6024.1665 5.648184 5.607847 1.2222521 0.37077174
6027.7427 5.9030056 5.7394595 1.2733545 0.37908617
6031.319 5.1434484 5.060008 1.1535293 0.36036152
6034.895 5.3035817 5.116206 1.0648098 0.3637342
6038.4707 5.687081 5.4852505 1.1410396 0.37255943
6042.047 5.78709 5.5214276 1.0551133 0.3731493
6045.623 5.4715867 5.257087 1.1269267 0.3682041
6049.199 6.0740356 5.858281 1.3165524 0.38288015
6052.7754 5.92865 5.7584186 1.0056484 0.3738113
6056.3516 5.727006 5.5634828 1.0324805 0.3704011
6059.9272 5.512762 5.3125224 1.082229 0.36774203
6063.5034 5.6579447 5.5626674 1.1335528 0.3709356
6067.0796 5.587643 5.428883 1.0631377 0.36883762
6070.656 5.324235 5.139323 1.0386618 0.36307034
6074.232 6.1680737 6.0909886 1.1383427 0.37997705
6077.8076 6.369235 6.2281923 1.0077069 0.38139576
6081.384 5.9137826 5.6965427 1.2081649 0.37719312
6084.96 6.070472 5.9015465 1.2937429 0.3815412
6088.536 6.424746 6.2119255 1.111272 0.3858531
6092.1123 6.0450068 5.8160768 1.1623615 0.38008046
6095.6885 5.66997 5.456343 1.3248833 0.37508658
6099.264 5.8572726 5.657587 1.157803 0.3766263
6102.8403 5.911847 5.760609 1.240175 0.37733334
6106.4165 6.1169915 5.9731107 1.2019352 0.38086468
6109.9927 5.7900267 5.6803517 1.065636 0.3724383
6113.569 5.8460503 5.6635604 1.1340903 0.37456432
6117.145 5.792748 5.6230993 1.0695238 0.37251866
6120.7207 6.5354915 6.340171 1.1529148 0.38837188
6124.297 5.8690233 5.628385 1.2708819 0.3781304
6127.873 5.7408643 5.5172977 1.1311649 0.37386864
6131.449 6.1280866 5.948536 1.1057671 0.38014477
6135.0254 5.474938 5.294857 1.2167349 0.3689254
6138.601 5.578868 5.4892077 1.0948745 0.3685005
6142.1772 5.8214865 5.7355576 1.1011608 0.37333626
6145.7534 5.899613 5.707671 1.0696013 0.3744565
6149.3296 5.8414607 5.6179852 1.0028083 0.3720615
6152.906 6.006574 5.8726783 1.0048864 0.374011
6156.482 5.985105 5.8463764 1.2611687 0.38193864
6160.0576 5.9113216 5.7050667 1.2724769 0.3805341
6163.634 6.154703 5.898173 1.0617833 0.38046387
6167.21 6.1891527 5.9904857 0.9290462 0.37857303
6170.786 6.0900407 5.888312 1.0140424 0.37847328
6174.3623 6.108702 5.925634 1.1671898 0.38184544
6177.9385 5.829735 5.666869 1.1836317 0.37494642
6181.514 5.443895 5.218662 1.1557478 0.36888188
6185.0903 5.3369813 5.15813 1.1694295 0.36596078
6188.6665 5.8740835 5.7988214 1.0155392 0.37124425
6192.2427 6.0727882 5.901917 1.037104 0.3776913
6195.819 5.696234 5.3822293 1.1531597 0.37504682
6199.3945 5.7233324 5.6043396 0.98489404 0.3703389
6202.9707 5.5683413 5.4855795 1.1171427 0.36818013
6206.547 6.116048 5.93842 0.9825227 0.3766845
6210.123 6.0401063 5.8185105 1.09077 0.3781939
6213.699 5.3232727 5.03216 1.2285289 0.3688948
6217.2754 5.3127856 5.0785084 1.1307988 0.3669402
6220.851 5.4080005 5.199072 1.1461535 0.36703578
6224.4272 6.366043 6.189556 0.91230935 0.38107896
6228.0034 6.388901 6.2423415 1.1155115 0.3856146
6231.5796 5.9039845 5.6670027 1.3286359 0.38116604
6235.156 5.730765 5.5370345 1.3010415 0.37621087
6238.732 5.390317 5.3135757 1.2686133 0.366963
6242.3076 5.730531 5.5533876 1.0725513 0.37253305
6245.884 5.7970605 5.592145 1.163991 0.37471315
6249.46 5.7427163 5.5328064 1.3458085 0.37622225
6253.036 5.243015 5.105991 1.2724048 0.36591473
6256.6123 5.3498073 5.3317018 1.1536345 0.3661432
6260.188 5.484612 5.3135147 1.107403 0.3677753
6263.764 5.41175 5.2515607 1.18969 0.36659005
6267.3403 5.8079805 5.70475 1.227415 0.37474996
6270.9165 5.2336507 5.03521 1.3198426 0.36593488
6274.4927 5.0678186 4.8906097 1.2306273 0.3608594
6278.069 5.0533905 4.91301 1.1049385 0.35903305
6281.6445 5.5386267 5.314032 1.1245801 0.3713451
6285.2207 5.4209275 5.2200785 1.1945565 0.36864054
6288.797 5.2812004 5.1644244 1.1985419 0.3642451
6292.373 5.771755 5.6794553 1.1423643 0.37254912
6295.949 6.1151595 5.9959393 1.3819548 0.38388333
6299.5254 6.2766695 6.16043 1.5925479 0.3903216
6303.101 5.9454784 5.7008805 1.687368 0.3866194
6306.6772 5.9904733 5.844473 1.4923335 0.38219613
6310.2534 6.1489534 5.9954457 1.6273549 0.3881203
6313.8296 5.780761 5.5778337 1.5108186 0.38026112
6317.406 6.0867515 5.9411483 1.026125 0.37881535
6320.9814 6.237537 6.0781426 0.9603984 0.37970826
6324.5576 5.682645 5.512757 1.0473331 0.3707587
6328.134 6.157184 5.99469 1.0946223 0.38209882
6331.71 6.158147 5.973744 1.1937301 0.38243487
6335.286 5.507327 5.4210453 1.1992947 0.36881542
6338.8623 5.9440017 5.9673395 1.0964015 0.37344366
6342.438 6.2394943 6.046181 1.0540769 0.38096747
6346.014 5.8704658 5.607274 0.9857117 0.37417594
6349.5903 6.03991 5.8149786 0.9411793 0.37723973
6353.1665 5.8603945 5.704895 0.9290679 0.37152475
6356.7427 5.4389086 5.2852235 1.3869218 0.37266284
6360.3184 5.277566 5.170992 1.3647472 0.36951926
6363.8945 5.9170094 5.7418475 1.2478373 0.37780246
6367.4707 6.1294227 6.015705 1.1377081 0.378937
6371.047 5.490913 5.395261 1.1882657 0.36842617
6374.623 5.727528 5.5019875 1.3312725 0.3769713
6378.199 6.201052 5.9935374 0.9563532 0.37866482
6381.775 5.342648 5.2110815 1.0683482 0.36384243
6385.351 5.9569707 5.787339 1.0752162 0.37738964
6388.9272 5.6630607 5.5748243 1.0574086 0.36910787
6392.5034 5.901758 5.7540865 0.8842707 0.3711383
6396.0796 6.1116867 5.8811507 1.1707829 0.3825639
6399.656 5.7705097 5.6290607 0.95757324 0.37021977
6403.2314 6.045969 5.942606 0.8904974 0.3734167
6406.8076 6.187097 6.1004944 1.1182829 0.38132733
6410.384 5.5635424 5.5092278 0.9478643 0.3652355
6413.96 6.0827427 5.8795934 0.8837155 0.3759006
6417.536 6.792387 6.589207 0.8264857 0.38709798
6421.112 7.083781 6.8446364 1.0630783 0.39803985
6424.688 6.1871166 6.1158185 1.1521301 0.38238642
6428.264 6.343929 6.2460246 1.0418411 0.38215527
6431.8403 6.373059 6.1852756 0.9668633 0.38206223
6435.4165 6.4915676 6.3518076 0.79034483 0.38126835
6438.9927 6.243463 5.960427 0.8965295 0.38153222
6442.5684 6.9769764 6.6914124 1.086247 0.39676902
6446.1445 6.4969387 6.3383794 0.9831396 0.3850949
6449.7207 6.157327 6.0277114 0.9770454 0.37892205
6453.297 6.3986473 6.2056985 1.086893 0.38436726
6456.873 6.4432697 6.246232 1.0079488 0.3856006
6460.449 6.268384 6.012514 1.0528682 0.38351056
6464.025 6.1878734 5.990851 1.132248 0.38271594
6467.601 6.53528 6.244032 1.0871389 0.38902032
6471.1772 6.0913453 5.8226604 1.2386539 0.38309023
6474.7534 6.664901 6.474725 1.2897333 0.3957173
6478.3296 6.4008894 6.274024 1.3292346 0.38872638
6481.9053 6.8921146 6.7673545 1.1737828 0.39547196
6485.4814 7.046766 6.8842325 1.0303789 0.3963695
6489.0576 7.327048 7.0488744 0.9741092 0.40105507
6492.634 6.5283337 6.3166595 1.0967876 0.38979444
6496.21 6.5413356 6.305244 1.151901 0.39102358
6499.786 7.3847747 7.1116486 1.1040881 0.40363935
6503.362 7.092015 6.8750525 1.1143057 0.3977293
6506.938 6.9075494 6.677574 0.95864236 0.39278865
6510.514 7.1493855 6.852146 1.0808014 0.4005188
6514.0903 6.9248233 6.6363583 1.245973 0.39969552
6517.6665 7.097734 7.0090365 0.9180904 0.3948706
6521.2427 7.118762 6.8927894 0.96588093 0.3969438
6524.8184 6.849139 6.632054 1.0761974 0.39539883
6528.3945 7.145944 6.802391 1.1225617 0.40127137
6531.9707 7.2806745 7.0593724 1.1503056 0.40285578
6535.547 6.546043 6.387059 1.135854 0.3885445
6539.123 6.578879 6.3369365 1.122636 0.38995668
6542.6987 6.3736324 6.1773205 1.1883339 0.38777092
6546.275 6.2116866 6.0390325 1.0379115 0.3814636
6549.851 6.6707096 6.5264683 0.7662231 0.3853101
6553.4272 6.3889356 6.2692766 1.0695815 0.38551056
6557.0034 6.232103 5.9999566 1.0857064 0.38241157
6560.5796 6.4044933 6.1247735 1.1948433 0.38864687
6564.1553 6.2265034 6.044915 1.1302584 0.3829395
6567.7314 6.3246303 6.16385 1.1971105 0.3868514
6571.3076 6.1006336 5.977426 1.2145559 0.3818073
6574.884 5.394165 5.293773 1.2222654 0.37036225
6578.46 5.9216084 5.6895585 1.2044283 0.38051656
6582.036 6.511704 6.2903194 1.0717102 0.3877254
6585.612 6.2443423 6.0547037 0.97818255 0.38142112
6589.188 5.6772895 5.5676126 1.0077522 0.36969554
6592.764 5.3935657 5.2398634 0.8390942 0.36205685
6596.3403 6.512049 6.2775893 0.86568105 0.38479695
6599.9165 6.6422687 6.4648747 0.8746003 0.38639408
6603.492 6.3922625 6.3501973 0.877558 0.3803364
6607.0684 5.9285183 5.726157 0.93899804 0.37496832
6610.6445 6.150135 5.874491 0.99181914 0.38056466
6614.2207 6.0707593 5.906231 1.0299163 0.37767902
6617.797 5.5151215 5.42359 0.91920334 0.3640013
6621.373 4.5278716 4.417302 1.0367537 0.3468527
6624.9487 5.256685 5.0650363 1.013633 0.3618779
6628.525 5.9370356 5.780241 1.0200922 0.3754755
6632.101 5.8320723 5.6838865 0.9554361 0.37213308
6635.6772 5.4774985 5.2590933 1.1147262 0.36922073
6639.2534 4.953074 4.8201203 0.9756891 0.35442644
6642.829 5.5063834 5.411555 0.9735487 0.36627188
6646.4053 5.798014 5.5916176 0.96128994 0.37237865
6649.9814 5.473681 5.3145046 0.92721 0.3642305
6653.5576 5.281416 5.0244737 0.801557 0.3603779
6657.134 5.2994704 5.01762 1.1279833 0.36932755
6660.71 5.1621633 4.950439 1.0536481 0.36125836
6664.2856 5.1516104 5.026969 0.83869284 0.35560346
6667.862 5.8927855 5.653086 0.986949 0.37466118
6671.438 5.1534925 4.9397607 0.9680992 0.35941327
6675.014 5.2111797 5.0298433 0.934306 0.35939243
6678.5903 5.625379 5.494496 1.0244604 0.36872503
6682.1665 5.371068 5.182775 1.1175479 0.3669352
6685.742 5.1478734 4.969729 1.0006614 0.3595204
6689.3184 4.8062377 4.6184087 0.9854942 0.3533586
6692.8945 5.2280498 5.0064545 0.8531018 0.35992378
6696.4707 5.846887 5.64184 0.83242846 0.37019816
6700.047 5.660234 5.4997964 1.0416201 0.37043196
6703.6226 5.199121 5.0207148 1.2088735 0.36674783
6707.1987 4.5094357 4.415798 1.0983745 0.34908122
6710.775 5.18608 5.060849 1.0985228 0.36264074
6714.351 4.7979355 4.695505 0.96439016 0.3500699
6717.9272 4.737392 4.5270314 1.1040833 0.35338223
6721.5034 5.261603 5.073516 1.0059311 0.36283016
6725.079 5.366769 5.3722982 0.8420639 0.36020365
6728.6553 5.123783 5.011418 0.9659482 0.3591848
6732.2314 4.3860598 4.1809444 1.1062081 0.3476252
6735.8076 4.567449 4.5340652 1.0145717 0.34717858
6739.384 4.987838 4.8671017 0.96400917 0.35591286
6742.96 4.9531746 4.7973995 1.0243297 0.35567564
6746.5356 4.975284 4.8023105 1.0261127 0.3568217
6750.112 4.7937965 4.6790257 1.1235784 0.35570702
6753.688 4.85732 4.671851 0.83132887 0.3516038
6757.264 4.9408655 4.674589 0.8803458 0.35408053
6760.8403 4.7138414 4.531308 0.91508913 0.3500315
6764.416 5.0063004 4.972128 0.94420356 0.35512483
6767.992 4.757743 4.6455774 1.1958725 0.35603434
6771.5684 4.6716127 4.4666147 0.87379783 0.34899023
6775.1445 4.8059044 4.620162 1.0302886 0.3536062
6778.7207 4.4925017 4.3121285 0.97908324 0.3455353
6782.297 5.0936003 4.898732 0.8894218 0.35589552
6785.8726 5.641687 5.465317 0.8761387 0.36691162
6789.4487 5.200381 5.147455 0.8408178 0.35668036
6793.025 5.2758446 5.099475 1.0914733 0.3644463
6796.601 5.522883 5.3146234 0.92093176 0.36727166
6800.1772 4.6450067 4.5799594 0.8377104 0.34658208
6803.7534 4.920775 4.919731 1.006979 0.3543994
6807.329 4.7813373 4.6501093 0.97435564 0.35131004
6810.9053 4.9841957 4.7501006 0.9107252 0.35664976
6814.4814 5.122638 4.876672 0.8905447 0.35947907
6818.0576 4.5676265 4.4246883 0.9311621 0.34598726
6821.634 4.6737967 4.4417796 0.95110273 0.35017583
6825.2095 5.2216325 5.013791 1.0779006 0.3633843
6828.7856 4.713973 4.541494 1.249478 0.3560724
6832.362 4.730587 4.6052413 1.3765464 0.35830238
6835.938 5.0349383 4.859908 1.2173159 0.36105546
6839.514 4.6572976 4.450364 1.2199746 0.35494834
6843.0903 5.0827107 4.9477696 1.0837351 0.36093792
6846.666 4.8089924 4.7122755 0.86976707 0.3516329
6850.242 4.857993 4.808431 0.88335174 0.35048366
6853.8184 5.166232 4.9848833 1.0205716 0.36222088
6857.3945 5.012335 4.826418 1.1022921 0.3606534
6860.9707 4.77242 4.5920377 1.1870558 0.35502246
6864.5464 4.6307096 4.5292196 1.0318924 0.3496221
6868.1226 4.268518 4.264402 1.1125057 0.3421905
6871.6987 4.1050553 4.082387 1.0826662 0.33945808
6875.275 3.780157 3.7398095 0.98044986 0.32928753
6878.851 3.7650447 3.6445348 0.86704874 0.32787988
6882.4272 4.3164883 4.3232403 0.97970384 0.34044164
6886.003 4.1214223 4.0469756 1.0767404 0.34039173
6889.579 4.09168 3.9915004 1.0040048 0.33840638
6893.1553 4.39776 4.301723 1.139604 0.34787625
6896.7314 4.048 3.9382987 0.9043055 0.33594945
6900.3076 3.811196 3.7318592 0.94227093 0.32999033
6903.884 4.456262 4.394933 0.98791826 0.3443391
6907.4595 3.596342 3.5971646 1.0239384 0.32614243
6911.0356 4.4820642 4.3503885 1.0285337 0.34608322
6914.612 4.602263 4.510418 1.0156641 0.3483882
6918.188 4.191726 4.0344124 1.0445216 0.34113643
6921.764 4.4329877 4.3804283 0.99836445 0.3441987
6925.34 5.414855 5.2969484 1.0226808 0.3654135
6928.916 5.1640477 5.0161924 1.0950639 0.36163217
6932.492 4.3241463 4.2094994 0.96080667 0.341318
6936.0684 4.891817 4.700544 0.92065775 0.35350046
6939.6445 5.016211 4.871766 1.1220928 0.35971767
6943.2207 4.688786 4.556274 1.0973061 0.35152322
6946.7964 5.144478 4.9975553 0.94267875 0.35826448
6950.3726 5.286848 5.1820583 0.82494044 0.35841563
6953.9487 4.9086757 4.705755 0.94397175 0.35473028
6957.525 4.984896 4.8239727 1.0497249 0.36030078
6961.101 4.8132734 4.6944284 0.98169637 0.35377553
6964.6772 4.57524 4.4215584 0.9732355 0.34805208
6968.253 4.878565 4.7526665 1.0445943 0.354963
6971.829 4.552226 4.440717 1.1800035 0.34945357
6975.4053 4.218504 4.128941 1.2217857 0.34407583
6978.9814 4.903683 4.6927557 1.0861703 0.35733402
6982.5576 4.8293695 4.6658115 1.0168585 0.35387215
6986.1333 4.839773 4.7233934 1.0394033 0.35495374
6989.7095 4.8556657 4.799874 0.7143033 0.34873185
6993.2856 4.6764 4.6164446 0.78560054 0.34512493
6996.862 4.0894012 3.9295251 1.1441841 0.34087873
7000.438 4.389986 4.2343855 1.0848162 0.34550843
7004.014 5.145851 4.9276633 0.7829147 0.35605112
7007.59 4.8516884 4.704416 0.97593087 0.35402653
7011.166 4.7220345 4.5902257 1.0619892 0.35298628
7014.742 5.089784 4.8603888 0.9999544 0.3599465
7018.3184 4.896656 4.5681887 0.86868274 0.35536203
7021.8945 4.915467 4.777001 0.8382945 0.35292068
7025.4707 4.985853 4.91481 0.81376195 0.3518694
7029.0464 4.1332273 3.8225496 0.8210687 0.338007
7032.6226 4.3116374 4.179944 0.9568701 0.3419321
7036.1987 4.7138386 4.7029333 0.94749576 0.34864908
7039.775 4.4202843 4.3146954 0.9747692 0.34419915
7043.351 4.350986 4.2107677 0.99118346 0.3424815
7046.927 4.8720417 4.8182006 0.96301574 0.3542173
7050.503 4.7551594 4.605913 0.9844416 0.3529903
7054.079 5.108369 4.8419538 0.8808782 0.35741195
7057.6553 4.934105 4.739528 0.81232166 0.35323098
7061.2314 4.330032 4.1659093 0.9353197 0.3430523
7064.8076 4.772809 4.5047574 1.0036907 0.35431588
7068.3833 4.7988806 4.7292542 0.9746092 0.3533288
7071.9595 4.298918 4.2711635 0.96682656 0.3416444
7075.5356 4.2232594 4.107008 0.8863542 0.33869997
7079.112 5.0351677 4.9486756 0.8336788 0.35431623
7082.688 5.066734 4.988524 0.90556127 0.35566348
7086.264 5.1148963 5.07775 0.87612444 0.35638243
7089.84 4.827308 4.658339 0.88658094 0.35240415
7093.416 4.5118785 4.302345 1.0544213 0.34889194
7096.992 4.81218 4.649887 1.0071256 0.3543757
7100.5684 4.705659 4.5553207 0.983885 0.35255584
7104.1445 4.6130986 4.485853 0.9913649 0.34934253
7107.72 4.364998 4.2654147 0.7983443 0.34170926
7111.2964 5.336999 5.1167088 0.8637716 0.36316213
7114.8726 5.1421604 4.9051013 0.9241288 0.35948163
7118.4487 4.654777 4.641181 0.87401736 0.34777057
7122.025 5.0449195 4.967509 0.8993499 0.35569763
7125.601 5.068616 5.0259304 0.80561155 0.35535023
7129.177 4.7938213 4.6773105 0.88322383 0.35204384
7132.753 4.9144893 4.7044587 0.9695521 0.3555083
7136.329 4.711503 4.586691 0.9268884 0.34943458
7139.9053 4.598054 4.588087 0.9555426 0.34761387
7143.4814 5.254594 5.1656365 1.0141096 0.36362618
7147.057 4.6621337 4.494253 1.073319 0.35240626
7150.6333 4.443965 4.313411 0.9385348 0.34492213
7154.2095 4.58119 4.371679 0.9954029 0.3497037
7157.7856 4.507333 4.292547 1.0951589 0.3508384
7161.362 4.652812 4.4157896 1.1067828 0.3537611
7164.938 5.1674433 4.9983673 0.99281335 0.36140972
7168.5137 4.73705 4.6752357 0.8990663 0.34870192
7172.09 4.385083 4.3390183 0.814365 0.34060702
7175.666 4.2038245 4.080285 0.8831354 0.3397266
7179.242 4.0091157 3.9472246 0.78855807 0.33229586
7182.8184 4.348155 4.2282977 0.7635157 0.33977494
7186.3945 4.3613524 4.2975626 0.6642021 0.33781236
7189.97 4.355825 4.372155 0.71692824 0.33898702
7193.5464 4.3790646 4.323231 0.9335946 0.3436951
7197.1226 4.0884356 3.9556549 0.7966368 0.3340135
7200.6987 4.4426727 4.337941 0.9353763 0.34468293
7204.275 4.807168 4.6970224 0.8440503 0.35140178
7207.8506 4.4833646 4.227136 0.7492864 0.34303248
7211.427 4.48934 4.4058266 0.7987586 0.3429513
7215.003 4.4434247 4.3688025 0.8981563 0.3457942
7218.579 4.572296 4.3681035 0.88049054 0.3477392
7222.1553 4.186697 4.152059 0.92758405 0.3376674
7225.7314 4.1630764 4.0957265 1.10062 0.34131753
7229.307 4.1833797 4.026897 1.3907007 0.3478132
7232.8833 4.526442 4.5218563 1.5625393 0.35586455
7236.4595 4.0216856 3.9815733 1.7214358 0.34866524
7240.0356 4.168609 3.98853 1.6600409 0.35167405
7243.612 4.1907563 4.0234103 1.4587224 0.34836403
7247.188 4.4776692 4.3378305 1.218386 0.3513788
7250.7637 4.248862 4.112695 1.045652 0.3443793
7254.34 4.129315 4.0521207 0.8732159 0.33603108
7257.916 4.154249 4.0365996 1.0334547 0.3407798
7261.492 3.8753393 3.8004198 1.4009932 0.34045908
7265.0684 4.596668 4.560616 1.5000653 0.35526222
7268.644 4.3368382 4.2402277 1.6501936 0.35590404
7272.22 4.2004776 4.092175 1.701946 0.35541168
7275.7964 4.047616 3.9189012 1.6243447 0.3490121
7279.3726 3.4811027 3.440889 1.4633827 0.33340248
7282.9487 4.0081043 3.8554845 1.1225138 0.33971167
7286.525 4.363837 4.2633176 0.9928199 0.34489864
7290.1006 4.48854 4.3596115 1.0126547 0.34778094
7293.677 4.3167524 4.1832166 0.93403995 0.34213924
7297.253 4.16628 4.0537133 1.0055286 0.33960778
7300.829 3.8410063 3.6722033 1.3151487 0.3391248
7304.4053 3.4494388 3.3871987 1.4544326 0.33263344
7307.9814 4.2480974 4.1166573 1.2477986 0.3454539
7311.557 4.4597354 4.281305 1.0912107 0.3482358
7315.1333 3.973102 3.903153 1.2534219 0.34057972
7318.7095 3.8873372 3.8621569 1.2216423 0.33842656
7322.2856 3.7634504 3.7362103 1.0683513 0.33290058
7325.862 4.0813704 3.9280975 1.4293368 0.34557498
7329.4375 4.310003 4.077548 1.6126753 0.35465524
7333.0137 4.631836 4.4177623 1.4071052 0.3574456
7336.59 4.589384 4.5811667 1.3871362 0.3557285
7340.166 4.2406726 4.1810803 1.1601446 0.34390616
7343.742 4.2344217 4.1455016 1.0570469 0.34134015
7347.3184 4.0808287 3.9574435 1.0878654 0.34112895
7350.894 4.0420537 3.867887 1.1519341 0.3407955
7354.47 4.083958 3.862087 1.4384617 0.34811667
7358.0464 4.3006377 4.151228 1.3742212 0.35235694
7361.6226 4.2751417 4.1947055 1.3268038 0.34860882
7365.1987 4.13298 3.9415834 1.2812175 0.34518284
7368.775 4.3566055 4.24873 0.98376316 0.34336218
7372.3506 4.7252603 4.6610365 0.92487127 0.34971964
7375.927 4.0222692 3.8491533 0.90779066 0.3364926
7379.503 3.5643728 3.3712628 0.97608316 0.32666552
7383.079 3.92438 3.806156 1.192475 0.3387676
7386.6553 4.16831 4.1272864 1.1071552 0.34250265
7390.231 4.450659 4.3985944 1.0793365 0.34851414
7393.807 4.4720674 4.349797 1.1123495 0.34925362
7397.3833 3.982666 3.7604692 1.2002667 0.34068105
7400.9595 4.0723486 4.0340743 1.0807385 0.33935887
7404.5356 4.328264 4.3291273 0.7233885 0.33687568
7408.112 4.1981583 4.0526857 0.91329837 0.3403622
7411.6875 4.414271 4.3232446 0.9824252 0.3460876
7415.2637 4.3308306 4.2381663 0.97965765 0.3435074
7418.84 4.011745 3.966293 1.0136743 0.33741248
7422.416 4.2334647 4.207338 0.9929415 0.34044757
7425.992 4.390891 4.219736 0.82372403 0.34231266
7429.568 4.0888658 3.9072783 0.9603009 0.33956313
7433.144 4.029359 3.9132736 1.0415102 0.33870244
7436.72 3.815544 3.684148 0.83005863 0.3294977
7440.2964 3.70956 3.553885 0.80881757 0.32772964
7443.8726 4.0537972 3.9630122 0.86943096 0.33605984
7447.4487 3.7345402 3.5355053 0.8243614 0.32980028
7451.0244 3.6629806 3.441804 0.78191465 0.3262803
7454.6006 4.095539 4.046272 0.95281094 0.33781543
7458.177 3.94854 3.7552867 0.97545207 0.338187
7461.753 3.8637512 3.7035654 1.0835091 0.33504796
7465.329 4.2363873 4.197029 1.114038 0.343081
7468.9053 3.9585314 3.8315551 1.0176795 0.33635566
7472.481 3.3796554 3.2305284 1.0981221 0.32598907
7476.057 3.829025 3.6846843 1.0316993 0.33538142
7479.6333 4.0009418 3.9380255 0.9284985 0.3347865
7483.2095 3.5602512 3.4554105 0.999606 0.32822666
7486.7856 3.973184 3.722878 0.901832 0.3367331
7490.3613 4.16266 4.074849 0.7344321 0.33474082
7493.9375 3.9445865 3.9287345 0.9742862 0.33600134
7497.5137 3.804159 3.7150018 0.9168026 0.3319055
7501.09 3.6377497 3.5706558 0.8546909 0.32431373
7504.666 4.002214 3.8745592 1.210187 0.34117696
7508.242 4.1173368 3.9884486 1.0505351 0.34048122
7511.818 4.0047836 3.8579748 1.1983212 0.33993924
7515.394 4.0497246 3.9561944 1.0449352 0.337958
7518.97 4.055101 3.9165006 0.9204377 0.33650538
7522.5464 4.004027 3.9031918 0.8858229 0.33458066
7526.1226 4.184163 4.08162 0.58831 0.33303097
7529.6987 4.0500503 3.8886178 0.61982346 0.3308029
7533.2744 4.1352034 3.983852 0.8447045 0.33788362
7536.8506 3.236574 3.1325417 1.0042474 0.32033437
7540.427 3.5797045 3.435333 0.82524323 0.32321545
7544.003 4.05579 3.9510124 0.7707636 0.33472082
7547.579 3.825375 3.8022087 0.86492836 0.3302641
7551.155 3.7438922 3.6259427 1.0016539 0.33198386
7554.731 3.7471766 3.6679997 0.9966133 0.3313648
7558.307 4.0872087 3.9069886 1.044244 0.3411528
7561.8833 3.4485118 3.3236768 1.3056651 0.3340571
7565.4595 4.0146875 3.9149613 0.89987606 0.33369663
7569.0356 3.919132 3.840279 0.70816433 0.32847074
7572.6113 3.7332578 3.539061 0.8343534 0.32920343
7576.1875 3.4338512 3.3111672 0.7753435 0.32097062
7579.7637 2.1406164 2.116146 0.71234596 0.28715768
7583.34 1.6605029 1.7386523 0.54435766 0.26735598
7586.916 0.70432913 0.8712857 0.53658146 0.23902217
7590.492 0.8822091 1.1959516 0.6305524 0.24353866
7594.068 1.30621 1.2880535 0.514422 0.2584274
7597.644 1.936773 1.8766613 0.49592245 0.27531937
7601.22 2.798927 2.7225153 0.52463734 0.2985278
7604.7964 2.1050746 2.2007592 0.876903 0.28829062
7608.3726 2.475521 2.3531802 0.69646144 0.29574826
7611.948 1.8555908 1.8422189 0.6319421 0.27642134
7615.5244 2.151471 2.0872557 0.7522714 0.2897132
7619.1006 2.25554 2.3130918 0.42353198 0.28245637
7622.677 1.7950995 1.7748328 0.74901575 0.27920777
7626.253 1.9264232 2.0489297 0.60692805 0.2765084
7629.829 2.6221967 2.57297 0.5552141 0.29638228
7633.405 2.769457 2.699016 0.5380404 0.3001526
7636.981 2.5512388 2.4294536 0.6387928 0.29783797
7640.557 2.4918814 2.4319172 0.823657 0.30032185
7644.1333 3.5792856 3.3287826 0.66835856 0.32418504
7647.7095 3.6169257 3.459026 0.7570688 0.32559744
7651.2856 3.6102405 3.4463155 0.5520736 0.3200398
7654.8613 3.179293 3.0293784 0.96562546 0.31899402
7658.4375 3.791484 3.6815739 0.7392122 0.32742777
7662.0137 3.5754766 3.565429 0.8059746 0.321704
7665.59 3.59464 3.5506635 0.7363038 0.3215266
7669.166 3.5163934 3.4637322 0.59103054 0.31653202
7672.7417 3.0833955 2.9866126 0.8396851 0.31408006
7676.318 3.3697717 3.19862 0.8418847 0.32279176
7679.894 3.664514 3.5684981 0.69576585 0.32313165
7683.47 3.35872 3.2875648 0.82209337 0.317957
7687.0464 3.6139393 3.5052822 1.1202391 0.33236107
7690.6226 3.1984944 3.4593139 1.1104432 0.3172901
7694.198 4.1356373 4.1839066 1.4864991 0.34716132
7697.7744 3.6057787 3.4788113 1.6654559 0.33929396
7701.3506 3.4779992 3.3980854 1.6990166 0.33895126
7704.927 3.6396213 3.6797209 1.6168015 0.33855304
7708.503 3.5668674 3.555632 1.1796255 0.32928056
7712.0786 3.7578163 3.65857 0.9253376 0.3294372
7715.655 3.5112426 3.542588 1.0418373 0.32518825
7719.231 3.0546393 3.1600869 0.93849725 0.31605673
7722.807 3.2784889 3.169225 0.85963845 0.319867
7726.3833 3.4877467 3.4987662 1.227587 0.32931897
7729.9595 3.7727084 3.6469026 1.4775237 0.34050816
7733.535 4.163682 3.9424436 1.7023201 0.35414758
7737.1113 3.8231678 3.6348994 1.9947224 0.3523945
7740.6875 3.3999996 3.2885108 1.457219 0.33333296
7744.2637 3.4497652 3.4810042 0.8965838 0.3220737
7747.84 3.293609 3.2306118 1.0657909 0.32150355
7751.416 4.1628366 4.002819 0.8855425 0.33767265
7754.9917 3.5954092 3.4484828 1.0636537 0.3310213
7758.568 3.3497696 3.22125 1.0395567 0.32461473
7762.144 4.3048005 4.2052813 0.88040376 0.3412357
7765.72 3.4777386 3.4276364 1.0066828 0.32542744
7769.2964 3.647235 3.514885 1.0958476 0.3300521
7772.872 3.7040753 3.6230917 1.4541408 0.33814034
7776.448 3.3398554 3.3921816 1.5054129 0.33020332
7780.0244 3.9733148 3.812691 1.4677129 0.34571064
7783.6006 3.862203 3.6043615 1.3014992 0.34148058
7787.177 3.7989051 3.6688435 1.1108782 0.33393058
7790.753 3.4446723 3.4306378 0.968264 0.32311356
7794.3286 3.5187695 3.495984 1.254182 0.33187237
7797.905 3.6968606 3.5920768 1.6573303 0.34262657
7801.481 4.007489 3.9853997 1.2820218 0.34171984
7805.057 3.670923 3.8707604 1.5270984 0.33863574
7808.6333 3.5802398 3.5085595 1.3030466 0.33429322
7812.2095 3.559872 3.4575894 1.0465437 0.32738537
7815.785 4.454922 4.3832593 0.69907767 0.34062394
7819.3613 4.0921535 3.9599342 0.91348153 0.33635655
7822.9375 3.921176 3.7601235 0.92832303 0.3340532
7826.5137 4.109365 3.9183218 1.1920664 0.34565598
7830.09 3.15905 3.1926563 1.6717291 0.3279592
7833.6655 3.6714878 3.5865881 1.5372223 0.34000993
7837.2417 4.0010095 3.7738185 1.5081277 0.34824446
7840.818 4.0844817 4.079472 1.5215724 0.34650558
7844.394 3.5947895 3.4027953 1.3975211 0.3360904
7847.97 3.9091322 3.791946 1.4042547 0.34187716
7851.5464 3.7750359 3.7061486 1.104613 0.33395374
7855.122 3.2388246 3.2229304 1.3131932 0.32510707
7858.698 3.3628454 3.2432065 1.4048753 0.33226803
7862.2744 3.5347993 3.449805 1.06792 0.32897028
7865.8506 3.8193755 3.705506 1.3489847 0.33914706
7869.427 4.0496964 3.906514 1.1304815 0.34342247
7873.003 4.0124173 3.9659433 1.1189651 0.33896703
7876.5786 3.2242074 3.3208616 1.1677246 0.3237048
7880.155 3.7537932 3.8216305 0.8694699 0.32880983
7883.731 4.131088 4.0226755 0.8544979 0.33821654
7887.307 3.9946854 3.8020024 1.1993707 0.34168208
7890.8833 3.7987275 3.84992 1.6457534 0.34191483
7894.459 3.6679788 3.8021748 1.8904079 0.34443048
7898.035 4.3131046 4.3092923 1.7928782 0.35689738
7901.6113 4.262393 4.193056 1.6600288 0.3531703
7905.1875 3.6940823 3.7891722 1.456991 0.33764067
7908.7637 3.2455757 3.3833563 1.4518782 0.32701495
7912.34 3.1637714 2.9568458 1.1972916 0.32363507
7915.9155 3.6879067 3.5599267 0.7878734 0.3273386
7919.4917 3.620284 3.6784158 0.8118454 0.32386488
7923.068 3.5298324 3.424829 0.7968028 0.32227427
7926.644 3.8138022 3.6268196 0.8594452 0.33049157
7930.22 3.9820533 3.7790291 0.89648074 0.33630636
7933.7964 3.9236028 3.9515448 0.95677006 0.3325821
7937.372 3.414204 3.4596248 1.2564753 0.3276969
7940.948 4.0313463 4.1156955 1.358293 0.34346503
7944.5244 4.2455735 4.0673313 1.2827054 0.34739187
7948.1006 3.9371352 3.9096305 1.3600602 0.3421906
7951.677 3.3755064 3.2557478 1.58235 0.33493745
7955.2524 3.4702268 3.6730852 1.2397352 0.3266039
7958.8286 3.4009151 3.4293365 0.9003211 0.32034498
7962.405 4.209399 4.338989 0.9584659 0.3375462
7965.981 3.820157 3.6256504 1.1887183 0.33754116
7969.557 3.8772905 3.761876 1.4389144 0.34362373
7973.1333 3.2471733 3.1652758 1.4462589 0.32781738
7976.709 3.9023957 3.7211256 1.2940978 0.34107614
7980.285 3.8102517 3.8525696 1.417242 0.33896858
7983.8613 3.4323971 3.4628751 0.8508691 0.32187474
7987.4375 3.6035204 3.4971583 0.7950679 0.32534084
7991.0137 3.6216648 3.4444623 1.0135157 0.32963157
7994.5894 3.7082899 3.5167077 0.86809653 0.3303485
7998.1655 3.4991453 3.3214777 1.1146013 0.33057365
8001.7417 3.4766862 3.3590784 1.2743361 0.33116248
8005.318 3.2570152 3.24953 1.1895102 0.32230538
8008.894 3.5896547 3.4427032 1.2428544 0.33330515
8012.47 3.5006802 3.2692297 1.3739219 0.33431005
8016.046 3.5547915 3.4821973 0.8788538 0.323975
8019.622 3.8862624 3.8643682 0.4892701 0.32332775
8023.198 3.305493 3.2556107 0.71391773 0.31467542
8026.7744 3.575144 3.5661647 0.80673647 0.32316014
8030.3506 4.1229453 4.1232057 0.7809107 0.33435
8033.927 3.655184 3.5909052 0.7492522 0.32435223
8037.5024 3.6011932 3.4649608 0.838224 0.32728723
8041.0786 3.4200783 3.2994947 0.96274704 0.32374707
8044.655 3.3086286 3.2229578 0.8573039 0.31899196
8048.231 3.436616 3.3512328 0.8482656 0.3236492
8051.807 3.7261057 3.6952443 0.82646406 0.32665268
8055.383 4.0231724 3.8030765 0.6297146 0.33141223
8058.959 3.2974007 3.2465582 0.6545613 0.31386894
8062.535 3.5400257 3.3676918 0.7625714 0.32444167
8066.1113 3.5434444 3.4156444 0.7716753 0.32163754
8069.6875 4.0553474 3.8801687 0.70168567 0.33524674
8073.2637 3.1955142 3.0562816 0.80663705 0.31566328
8076.8394 3.323999 3.1287246 0.9978216 0.32377172
8080.4155 4.183413 4.0467772 0.705614 0.3357385
8083.9917 3.9110858 3.9662437 0.77015895 0.32997862
8087.568 3.585039 3.6450932 0.6513526 0.31925777
8091.144 3.6390104 3.654979 0.7260319 0.32330266
8094.72 3.3408952 3.383819 0.65728945 0.31354675
8098.296 3.3596244 3.2536874 0.7845631 0.31916526
8101.872 3.2881846 3.193854 0.77510816 0.31744665
8105.448 3.2487879 3.197249 0.75811845 0.3160988
8109.0244 3.4296873 3.2207832 0.65784717 0.31987384
8112.6006 3.3801246 3.3182285 0.5698076 0.31354174
8116.1763 3.1714492 3.2981625 0.7495749 0.31094238
8119.7524 3.2600646 3.1488829 0.80004483 0.31696883
8123.3286 3.5387008 3.3563473 0.76413816 0.32357657
8126.905 3.4928684 3.4296248 0.64288116 0.3197119
8130.481 3.6037402 3.4639251 0.6328633 0.32171303
8134.057 3.532877 3.3997467 0.6295052 0.3189009
8137.633 3.2285283 3.1168878 0.7825181 0.31516483
8141.209 3.1461332 3.2644641 0.7694329 0.3121591
8144.785 3.3640254 3.2063246 0.50834584 0.31357655
8148.3613 3.345453 3.2735186 0.6740961 0.31518504
8151.9375 3.2943802 3.5219748 0.58763236 0.31003106
8155.5137 3.5738423 3.4441564 0.41388902 0.31605536
8159.0894 3.545557 3.4279735 0.55994827 0.31889114
8162.6655 3.2891374 3.1417482 0.7045474 0.3152928
8166.2417 3.276259 3.2279892 0.54815835 0.31241015
8169.818 3.114853 3.0294325 0.7800067 0.3125352
8173.394 2.9955332 2.9926436 0.8257077 0.31087703
8176.9697 3.0737853 2.9803658 0.88656104 0.31545806
8180.546 2.854315 2.8087447 0.76945025 0.30600396
8184.122 3.1387167 3.0356622 0.5431962 0.3081762
8187.698 3.34332 3.1492143 0.53669065 0.31508705
8191.2744 2.9910107 2.838011 0.54098785 0.30639663
8194.851 2.9712937 2.778457 0.596452 0.30816475
8198.427 3.290542 3.1601727 0.5725903 0.31519055
8202.003 3.6059296 3.589508 0.40708455 0.3148871
8205.579 3.3749595 3.326159 0.46068546 0.3115651
8209.154 2.9831574 2.8219063 0.5434391 0.3061092
8212.73 2.7972496 2.9357178 0.61827445 0.29894495
8216.307 2.5890818 2.6710887 0.5046873 0.29271743
8219.883 3.70841 3.5702803 0.57986504 0.3237178
8223.459 2.8745327 2.6636326 0.729178 0.30926758
8227.035 2.7674026 2.6421995 0.71364343 0.30415088
8230.611 3.0849338 2.9782288 0.7583455 0.31230778
8234.1875 3.1943617 3.0819855 0.62292105 0.31180805
8237.764 3.0577552 3.0012443 0.49706793 0.30579147
8241.34 2.8125296 2.7073193 0.60681635 0.30552334
8244.916 2.8832433 2.7704716 0.7874224 0.30792895
8248.491 3.204378 3.0727148 0.6116134 0.31249005
8252.067 3.0385592 2.88121 0.6179871 0.3102845
8255.644 2.942887 2.7445772 0.8469371 0.3130317
8259.22 2.9117422 2.8003793 0.9498821 0.31252006
8262.796 2.6815565 2.5064356 1.2809783 0.314761
8266.372 3.221647 3.0092862 1.3917739 0.33009306
8269.948 3.5858064 3.5672698 1.3226374 0.3327966
8273.524 2.9828207 2.8078063 1.7053334 0.3299741
8277.101 2.905772 2.722822 1.614381 0.32645106
8280.677 2.8102062 2.758514 1.3294784 0.31532624
8284.253 3.0236387 2.9517713 1.1045443 0.3177041
8287.828 2.5905094 2.493763 1.4175669 0.31351772
8291.404 2.9622755 2.7423754 0.9614457 0.31427324
8294.98 2.5407743 2.3400185 0.8028011 0.30108252
8298.557 2.8693032 2.883231 0.7344954 0.30583364
8302.133 2.7899857 2.7255993 0.7503228 0.3050793
8305.709 3.0876772 3.033941 0.5599783 0.30856523
8309.285 3.154132 3.131282 0.5835235 0.31130973
8312.861 3.095822 2.9792483 0.69135547 0.31472707
8316.4375 2.836614 2.7667792 0.6207936 0.3036312
8320.014 2.5759034 2.4558632 1.4768634 0.31537685
8323.59 2.752781 2.6450298 2.062001 0.33180833
8327.166 3.1502576 3.1477227 2.0651276 0.33887473
8330.741 3.144769 3.0476303 2.3414004 0.34461018
8334.317 3.035124 2.9381025 2.116262 0.336936
8337.894 3.1743648 3.1663096 1.5394466 0.32990783
8341.47 2.9457314 2.919092 1.0809078 0.31373736
8345.046 2.9969945 2.9992359 1.1032534 0.31503075
8348.622 3.002923 2.9010322 0.8237591 0.31167287
8352.198 3.1111171 2.9821746 0.6843478 0.31419417
8355.774 3.0471327 2.8864794 0.5274964 0.3067292
8359.351 3.1061578 2.9617262 0.7103627 0.31313866
8362.927 2.6920066 2.6566746 0.85474515 0.30515432
8366.503 3.2397478 3.1159458 0.91047674 0.31893486
8370.078 2.6669157 2.606573 0.8733944 0.30475366
8373.654 2.5306647 2.5013294 1.179018 0.30913967
8377.23 2.5725896 2.6496294 1.4196161 0.31348836
8380.807 2.4336994 2.4912777 1.6648908 0.31298232
8384.383 2.7042584 2.6378863 1.6853893 0.32035574
8387.959 2.926643 2.8171399 1.6775604 0.32720464
8391.535 3.3657124 3.2502787 1.4075139 0.33114555
8395.111 3.3485627 3.24374 0.8881915 0.320321
8398.6875 2.9134758 2.7774339 0.9531664 0.31396168
8402.264 3.5437546 3.4414344 0.67609435 0.31965145
8405.84 2.7820075 2.6540172 1.165456 0.31293288
8409.415 3.1652832 3.0538461 1.9142313 0.3376496
8412.991 2.6089811 2.5045912 1.8480865 0.32416868
8416.567 2.4128869 2.1936946 1.5386761 0.31515476
8420.144 2.432163 2.2772937 1.6633847 0.3154336
8423.72 3.2176046 3.1321144 1.1599929 0.32338825
8427.296 2.852703 2.8257418 0.616773 0.30340883
8430.872 2.5283048 2.4664745 0.7435404 0.2987423
8434.448 3.0069041 2.9352615 0.6459641 0.30865118
8438.024 2.8135784 2.9063847 0.6827419 0.30366328
8441.601 2.6688004 2.7302356 1.1604924 0.30949965
8445.177 2.8549633 2.7497613 1.3102493 0.31695223
8448.752 3.025581 2.973529 1.1594161 0.3179558
8452.328 3.081452 3.0283854 1.2295798 0.32202837
8455.904 2.5293252 2.3675153 1.3264333 0.3118627
8459.48 2.6691577 2.6342425 1.0894021 0.30968875
8463.057 2.6324604 2.6891897 0.70731384 0.29904088
8466.633 2.8203804 2.6878157 0.5667411 0.30350253
8470.209 2.6789796 2.6377308 0.6592628 0.2995464
8473.785 2.4927027 2.4243271 0.6458235 0.29672393
8477.361 2.6520104 2.5451796 0.67038596 0.30117658
8480.9375 3.0721798 2.9364774 0.66650057 0.31071508
8484.514 2.718641 2.5737317 0.90126944 0.30722165
8488.09 3.1396654 2.9937642 0.95595825 0.31817138
8491.665 2.5923297 2.4865687 0.9608695 0.30586317
8495.241 2.3928702 2.2435632 0.9342851 0.30047157
8498.817 2.8890388 2.7252584 0.76773614 0.3086725
8502.394 2.7164812 2.6131856 0.64248294 0.30266485
8505.97 2.7281666 2.7300103 0.74277925 0.3029938
8509.546 2.550579 2.626077 0.82260925 0.2983632
8513.122 2.6032598 2.5619118 0.60958475 0.2965679
8516.698 2.9448838 3.0012817 0.73815846 0.3069604
8520.274 2.69479 2.5098963 0.7022188 0.30332837
8523.851 2.791141 2.7408037 0.6643727 0.30300307
8527.427 3.4008186 3.3277228 0.6482591 0.3167024
8531.002 2.2340388 2.2457118 0.8001072 0.29268697
8534.578 2.904689 2.8037906 0.67349476 0.30647752
8538.154 2.5399342 2.4612577 0.5971613 0.29540816
8541.73 2.886393 2.788917 0.6346167 0.30515116
8545.307 2.8473773 2.7364645 0.5433554 0.30198437
8548.883 2.2190056 2.1703002 0.55230314 0.28578734
8552.459 2.4881022 2.4330695 0.6369496 0.29525375
8556.035 2.4846618 2.3479896 0.61325717 0.29525402
8559.611 2.4740517 2.3546596 0.5391914 0.29194248
8563.1875 2.7982485 2.7602456 0.4895273 0.29930425
8566.764 2.345794 2.159031 0.576943 0.29085657
8570.339 2.646252 2.4649913 0.51071876 0.29676682
8573.915 2.8767843 2.8485942 0.62822247 0.30268008
8577.491 2.6363142 2.7031426 0.710825 0.29746562
8581.067 2.8553088 2.7837434 0.62371904 0.30291644
8584.644 2.5985937 2.468733 0.682914 0.29834437
8588.22 2.8137174 2.8488054 0.56208855 0.30094013
8591.796 2.8428252 2.8929262 0.536536 0.29992396
8595.372 2.2877355 2.4279237 0.5244195 0.28388503
8598.948 2.4733927 2.4862592 0.5794279 0.29331017
8602.524 2.5620568 2.433354 0.8127687 0.30167863
8606.101 2.2619634 2.1674306 0.9166774 0.29599878
8609.677 2.64492 2.5454543 1.0648899 0.30952424
8613.252 2.6792939 2.6865559 1.4191364 0.31400594
8616.828 2.3247676 2.2237017 1.5431842 0.3122842
8620.404 2.519484 2.375811 1.4805751 0.31805795
8623.98 2.640462 2.6310248 0.9911068 0.30576947
8627.557 2.6312222 2.6183424 1.2372738 0.31021917
8631.133 2.6625998 2.6729608 0.986086 0.30525118
8634.709 2.3409495 2.3177423 1.2221833 0.30273286
8638.285 2.3189769 2.240002 1.2351545 0.3038637
8641.861 2.8786914 2.7606578 1.11988 0.31503135
8645.4375 2.739179 2.6227322 1.3041612 0.31507763
8649.014 2.936842 2.7630796 1.2680593 0.31972107
8652.589 3.1089566 2.9291592 1.133276 0.3203443
8656.165 2.5450244 2.434361 1.2002305 0.30877173
8659.741 2.359501 2.245175 1.1463783 0.30514842
8663.317 2.4244733 2.4074607 1.0421809 0.30084905
8666.894 2.5337725 2.62941 1.0027214 0.29997924
8670.47 2.5966413 2.507318 0.8155686 0.30117548
8674.046 2.8747756 2.7802346 0.6194772 0.30387992
8677.622 3.087985 2.9523437 0.71305525 0.31076983
8681.198 2.745624 2.7650719 0.6515718 0.29987377
8684.774 2.488308 2.4051218 0.6209219 0.29476798
8688.351 2.204599 2.1602643 0.67277056 0.28693214
8691.926 2.7135906 2.6366189 0.5971921 0.2997746
8695.502 2.7223625 2.6514878 0.4786871 0.29885536
8699.078 2.2916436 2.2576964 0.44493505 0.2858606
8702.654 2.193258 2.0943122 0.66082156 0.28804132
8706.23 2.1226702 2.041822 0.67866683 0.2870298
8709.807 2.1895068 2.089924 0.48065972 0.28604203
8713.383 2.3506267 2.1387327 0.6413054 0.29565278
8716.959 2.3686829 2.2312944 0.5632066 0.2917943
8720.535 2.5211382 2.343626 0.49536774 0.29349178
8724.111 2.567961 2.507337 0.52029395 0.2943357
8727.6875 1.9905524 2.0323863 0.70968294 0.2829093
8731.263 2.518659 2.4071589 0.6908621 0.2968493
8734.839 2.4301977 2.3786726 0.50569224 0.29001084
8738.415 2.2388375 2.2149994 0.63656473 0.28679717
8741.991 2.5500968 2.5522997 0.5137405 0.2932021
8745.567 2.555783 2.5052998 0.81630856 0.30155045
8749.144 2.3419118 2.2826405 1.1812807 0.30249876
8752.72 2.2829318 2.2150273 1.4141564 0.30576342
8756.296 2.210241 2.25721 1.7707337 0.31074062
8759.872 2.4124932 2.5458467 1.7857157 0.31437325
8763.448 2.889743 2.6561306 1.9044927 0.3329388
8767.024 2.762701 2.6065855 1.9989265 0.33013612
8770.601 2.065913 1.9551986 1.7861134 0.30815992
8774.176 1.8229252 1.6783473 1.5797985 0.300128
8777.752 2.5176196 2.4270191 1.4733851 0.31239036
8781.328 2.144148 2.262834 1.0672137 0.29224446
8784.904 2.278994 2.2384908 0.9556911 0.2962572
8788.48 2.194037 2.1281638 0.7869435 0.29095444
8792.057 1.9656937 1.964628 0.7317237 0.2830932
8795.633 1.9453979 1.9442253 0.46909 0.27558246
8799.209 1.9466324 1.9660853 0.41460502 0.27410123
8802.785 1.999034 1.9996336 0.6290746 0.28053385
8806.361 2.0672061 2.0565445 0.61375195 0.281871
8809.9375 2.2155352 2.1918275 0.73566324 0.2903168
8813.513 2.455073 2.3268895 1.2218944 0.3073915
8817.089 2.3345845 2.293438 2.102302 0.31908104
8820.665 2.1783273 2.189741 2.1248627 0.3148916
8824.241 2.7964947 2.6803799 2.5635679 0.34002605
8827.817 2.9995153 3.1492887 2.625265 0.34123024
8831.394 2.9681458 2.759023 1.95576 0.33519197
8834.97 2.2831442 2.2514107 1.2808617 0.30336893
8838.546 1.9903204 2.027969 1.349187 0.29551575
8842.122 2.2397838 2.1949713 1.1260499 0.29867208
8845.698 2.370682 2.3673203 0.7298033 0.29380623
8849.274 2.5972998 2.470226 0.73814327 0.29996526
8852.85 2.3530726 2.2991984 0.6761259 0.2912391
8856.426 2.219962 2.2775815 0.6993669 0.28822255
8860.002 2.791896 2.664748 0.88103884 0.30761877
8863.578 2.0976212 2.1569028 0.75172234 0.28487912
8867.154 2.1889873 2.0977297 0.961999 0.2970368
8870.73 2.4815514 2.3834221 0.8238048 0.298947
8874.307 1.845267 1.8210692 1.4076194 0.29417259
8877.883 2.6594453 2.6743746 1.6719029 0.31795308
8881.459 1.7728838 1.6313592 1.7078319 0.3025679
8885.035 2.305169 2.237802 1.7465842 0.31274924
8888.611 2.5168173 2.3911462 1.6118257 0.31608114
8892.1875 1.990445 1.8951114 1.0792304 0.29246634
8895.763 1.8864696 1.8512423 0.89707255 0.2837378
8899.339 1.6920873 1.5795193 1.1868975 0.28785825
8902.915 1.7619021 1.7259591 1.2148037 0.28951183
8906.491 2.099985 2.1032293 1.2123234 0.29513538
8910.067 1.8206267 1.6250122 1.6035309 0.30081075
8913.644 1.8491851 1.7246729 1.7515855 0.3040478
8917.22 2.08712 2.2073352 1.4693036 0.30187184
8920.796 1.9137001 1.9081081 1.5665385 0.30211833
8924.372 2.4235249 2.3657749 1.5721617 0.31145784
8927.948 2.218204 2.2972417 0.5081161 0.28303525
8931.524 2.272961 2.2870595 0.4535451 0.2839627
8935.1 2.1291568 2.1714406 0.81534016 0.28736874
8938.676 1.81341 1.8411009 0.79090804 0.27832082
8942.252 1.8479815 1.9159324 0.8159798 0.27979913
8945.828 1.9939172 2.0046802 1.0108551 0.28848174
8949.404 2.4176457 2.3998284 1.2616313 0.30493528
8952.98 2.02549 2.0150626 1.4775326 0.29957965
8956.557 1.648568 1.6850427 1.3929936 0.28744808
8960.133 2.3782885 2.432469 1.3139333 0.30642647
8963.709 1.7928216 1.7044681 1.1971556 0.29137927
8967.285 1.5512651 1.7944162 0.4706581 0.2623575
8970.861 1.7298748 1.6876719 0.5308796 0.27242357
8974.437 1.8874962 1.8242218 0.5143525 0.2747842
8978.013 2.1263335 1.988638 0.52511865 0.28386268
8981.589 2.0934806 1.9956367 0.7358289 0.28787673
8985.165 1.5170708 1.4454696 0.8462555 0.27468058
8988.741 1.3163925 1.3862504 0.91376364 0.26902512
8992.317 1.9019691 1.9356908 0.984055 0.2862398
8995.894 2.2352931 2.0751948 0.9796522 0.29719675
8999.47 1.7980456 1.6267219 1.0067472 0.2856326
9003.046 1.4510397 1.2944442 1.0005978 0.27624077
9006.622 1.8514066 1.7360698 0.74314123 0.2816903
9010.198 2.0808063 2.093149 0.51166564 0.28033894
9013.773 1.8020818 1.7508066 0.5579741 0.27411973
9017.35 1.8335148 1.7147421 0.5640554 0.27675867
9020.926 1.6728632 1.5992473 0.47886997 0.26908368
9024.502 1.5576826 1.4318866 0.47017017 0.26667193
9028.078 1.4358747 1.3429074 0.6408534 0.26717705
9031.654 2.0523221 2.0340104 0.6313941 0.28214207
9035.23 1.8687526 1.8917931 0.69721365 0.27935722
9038.807 1.7783175 1.6892949 0.77631706 0.27905566
9042.383 1.6421361 1.642555 0.82216054 0.27626273
9045.959 1.723417 1.6933932 0.7025464 0.2758556
9049.535 1.4400767 1.5982914 0.6169428 0.26243454
9053.111 1.3689615 1.4754459 0.6579847 0.26140082
9056.687 1.5535134 1.4451822 0.6549805 0.27050948
9060.263 1.7252235 1.6681014 0.49949697 0.2711225
9063.839 1.615036 1.5781832 0.46624288 0.2666111
9067.415 1.6511055 1.5564532 0.56744933 0.27235556
9070.991 1.8126264 1.7816302 0.5567472 0.27581102
9074.567 1.6031752 1.6033034 0.53923106 0.26840958
9078.144 2.0866177 2.0244534 0.47218153 0.2805938
9081.72 1.418513 1.3322129 0.5591585 0.26427805
9085.296 1.4831959 1.4573067 0.70248467 0.26926193
9088.872 1.4088452 1.6352863 0.5635579 0.2615174
9092.448 1.6306854 1.7177863 0.37267518 0.26253578
9096.023 1.8497907 1.84493 0.5849498 0.274988
9099.6 1.8130403 1.7846905 0.5093569 0.27337402
9103.176 1.4406606 1.4461174 0.8128896 0.27037534
9106.752 1.3402733 1.2670547 0.58472073 0.26275516
9110.328 1.5208987 1.4419527 0.4311008 0.26433393
9113.904 1.708724 1.6785791 0.5831563 0.2715154
9117.48 1.3216475 1.366814 0.52921164 0.25843284
9121.057 1.2630576 1.2794018 0.31550843 0.25322658
9124.633 1.7600342 1.7432424 0.33997428 0.26802048
9128.209 1.6887617 1.6986741 0.46833548 0.267575
9131.785 1.4524109 1.3703194 0.4548921 0.26182505
9135.36 1.5368404 1.4493526 0.4347134 0.265032
9138.937 1.3970026 1.4478649 0.46334118 0.25959092
9142.513 1.2910094 1.3358939 0.62542754 0.26033285
9146.089 1.5322651 1.4518723 0.5878526 0.26786068
9149.665 1.4788365 1.3759543 0.5799484 0.2660839
9153.241 1.0085915 0.9491591 0.68217134 0.25443664
9156.817 1.495604 1.5530021 0.5020253 0.26266548
9160.394 1.4862481 1.4710193 0.54136187 0.26462987
9163.97 1.540436 1.5366046 0.51456285 0.2652966
9167.546 1.8103576 1.8008642 0.4572831 0.27077526
9171.122 1.3714706 1.2079622 0.614465 0.265949
9174.697 1.667186 1.6455146 0.4228092 0.26632687
9178.273 1.990755 1.8913113 0.42524615 0.2772514
9181.85 1.7157012 1.7007982 0.48239774 0.2687212
9185.426 1.3313575 1.3770425 0.50735515 0.25788826
9189.002 1.3946398 1.3642615 0.5461999 0.26265636
9192.578 1.4772731 1.4941058 0.44392523 0.26217723
9196.154 1.3792953 1.4344331 0.43647322 0.25853103
9199.73 1.3100587 1.3226786 0.5147799 0.25901055
9203.307 1.7575283 1.682689 0.37980044 0.26933572
9206.883 2.277292 2.217159 0.3336349 0.2814549
9210.459 1.8060895 1.7762458 0.51078504 0.27363086
9214.035 1.455627 1.3275142 0.5329909 0.26677477
9217.61 1.508295 1.4958546 0.51875794 0.26421604
9221.187 1.2190516 1.210011 0.5409166 0.25685078
9224.763 1.4859968 1.4025887 0.4848367 0.26349387
9228.339 1.5581965 1.640122 0.5100659 0.26459998
9231.915 1.7776926 1.7239094 0.31986916 0.2674094
9235.491 1.3557827 1.5110346 0.3743143 0.25500885
9239.067 1.4972018 1.4164498 0.4440902 0.2636233
9242.644 1.2760952 1.3408661 0.5704483 0.25833863
9246.22 1.6285417 1.5940717 0.48711964 0.26934353
9249.796 1.4544582 1.4410701 0.349876 0.25900936
9253.372 1.5534154 1.640836 0.3534526 0.26008818
9256.947 1.2794006 1.1329304 0.5181003 0.25972575
9260.523 0.9906478 0.9802067 0.6156034 0.25079513
9264.1 1.3197578 1.2437264 0.51567024 0.2605792
9267.676 1.355657 1.4119735 0.468798 0.26267174
9271.252 1.0128723 1.1564332 0.5161507 0.2493739
9274.828 0.8317789 0.6988149 0.57293457 0.24733792
9278.404 1.2868979 1.3563927 0.44541678 0.25529107
9281.98 1.6704822 1.7760795 0.37868175 0.26505864
9285.557 1.6206145 1.5593531 0.4633091 0.26778725
9289.133 0.8882193 0.84422326 0.6009311 0.24861449
9292.709 1.2854525 1.305092 0.47988284 0.25609326
9296.284 1.0927572 1.0094494 0.84751475 0.26093605
9299.86 1.0627489 0.94670707 1.4044542 0.27233657
9303.437 1.2372501 1.2436768 1.5498456 0.27901354
9307.013 1.214832 1.2595514 1.4718913 0.27688462
9310.589 1.0692412 1.0921924 1.6567755 0.27685097
9314.165 1.0695765 1.0687959 1.7356309 0.2789625
9317.741 1.0026835 0.9788541 1.2968587 0.26731122
9321.317 0.7982627 0.87558764 1.0819572 0.2546703
9324.894 0.92063427 0.9349375 1.0933732 0.2593241
9328.47 1.1530666 1.1950649 0.8228547 0.25930414
9332.046 1.1501657 1.2190298 0.5509941 0.2533509
9335.622 1.0571812 0.90949184 0.68292326 0.257612
9339.197 0.8441619 0.86192614 0.6824823 0.247278
9342.773 0.71653175 0.8465903 0.53107965 0.2379877
9346.35 0.74384564 0.7661657 0.6112961 0.242374
9349.926 0.7844012 0.83376265 0.646945 0.24514094
9353.502 1.2845682 1.3914071 0.47636768 0.2549771
9357.078 1.0706826 1.1113211 0.45592907 0.24831429
9360.654 0.65194935 0.48777574 1.43671 0.26413122
9364.23 1.2866544 1.1463745 2.0711226 0.29451033
9367.807 1.0794125 1.1101438 1.8902013 0.2796369
9371.383 0.7332874 0.7758969 1.8561755 0.26922438
9374.959 0.816355 0.78153825 1.4144087 0.26435876
9378.534 0.9364794 0.90394706 0.7682866 0.25427106
9382.11 1.0329748 0.9847637 0.58027375 0.25128356
9385.687 0.8666287 0.8924572 0.7058739 0.24927226
9389.263 1.3279603 1.2766517 0.6961303 0.26404113
9392.839 0.973038 1.0909519 0.652836 0.25017488
9396.415 0.96579 1.0613934 0.67816424 0.25023368
9399.991 1.1052159 1.2341197 0.6777577 0.25351778
9403.567 0.8688231 1.0546579 0.6448367 0.24621965
9407.144 0.92416656 0.76100796 0.72974855 0.25444698
9410.72 0.7835646 0.88815576 0.7994091 0.24784438
9414.296 0.92141443 1.0135199 0.6393422 0.24814655
9417.871 0.7638937 0.77519214 0.6196278 0.24476473
9421.447 0.6835578 0.65580547 1.1559657 0.254934
9425.023 0.8979574 0.8805775 1.4114538 0.26567316
9428.6 1.2142091 1.1610256 1.3083979 0.2746001
9432.176 0.6634012 0.62159073 1.3330972 0.2581928
9435.752 0.9285298 0.94866437 0.8567373 0.25655404
9439.328 0.9125351 0.84205264 0.8313344 0.25622293
9442.904 1.1942972 1.1908584 0.9022994 0.26227888
9446.48 1.0874224 1.06411 0.62869126 0.2526127
9450.057 1.0716739 1.3803467 0.67590016 0.2504796
9453.633 1.1027939 1.214395 0.75196517 0.2560239
9457.208 1.1885582 1.3017278 0.96251476 0.26198673
9460.784 0.80075806 0.79715574 1.2821141 0.2614884
9464.36 0.83769655 0.8206399 1.3375605 0.2628234
