3398.723 113.473434 105.81474 1.9950836 2.324795
3402.2986 117.775276 111.01682 2.0413506 2.3680682
3405.8743 122.76093 115.28043 2.2571099 2.4135044
3409.45 126.01589 117.868034 2.2517004 2.438935
3413.026 129.29514 120.88859 2.2680476 2.4669187
3416.6016 135.2286 126.445595 2.5090432 2.5222852
3420.1772 139.90706 131.08144 2.2048995 2.5544589
3423.753 141.0766 132.8748 2.198626 2.5645216
3427.3289 140.69046 132.16568 2.3739634 2.5641785
3430.9045 142.67068 133.0159 2.318138 2.57801
3434.4802 150.10948 140.39047 2.1896257 2.6368232
3438.056 159.82605 150.57635 2.2078617 2.714924
3441.6318 156.14948 146.81157 2.4322355 2.6896737
3445.2075 161.52396 151.78174 2.9085228 2.734073
3448.7832 174.22945 164.13177 2.740731 2.8293762
3452.359 176.19469 165.98842 2.2207148 2.840101
3455.9348 181.73688 171.56409 2.9933197 2.8874018
3459.5105 189.60812 177.93541 2.1301866 2.9340096
3463.0862 191.27507 179.75735 2.2112362 2.9466512
3466.662 195.88312 185.60124 2.8369675 2.9864812
3470.2378 204.80013 194.05798 2.5572984 3.046708
3473.8135 205.60167 193.60007 2.500365 3.05038
3477.3892 208.21808 196.62961 2.6385932 3.070431
3480.965 222.68907 209.76366 2.415039 3.1649632
3484.5408 225.97256 213.19077 2.3780158 3.1872451
3488.1165 226.68042 214.30954 2.5436745 3.1922376
3491.6921 232.84152 219.53304 2.483877 3.2309496
3495.268 233.06248 219.99673 2.5053008 3.2337666
3498.8438 250.02974 236.07655 3.0650322 3.345427
3502.4194 249.41383 235.62529 3.1379774 3.342697
3505.995 253.8717 238.66473 2.4108725 3.3638003
3509.571 260.65475 244.55696 2.4475644 3.4066484
3513.1467 259.5172 244.53192 3.1689212 3.405725
3516.7224 263.8965 248.62279 3.2431045 3.4318657
3520.2983 269.84857 252.985 3.5003078 3.4703856
3523.874 280.5015 262.82135 2.9293656 3.5288846
3527.4497 290.69705 273.07916 2.6618073 3.587054
3531.0254 297.93073 279.58496 3.1513445 3.6330295
3534.6013 304.85428 285.35345 3.2626338 3.6739962
3538.177 312.69434 293.0313 2.92207 3.7158575
3541.7527 318.92307 299.30893 3.171533 3.7508373
3545.3284 325.7633 305.19827 3.2045643 3.789168
3548.9043 341.12064 320.24835 2.7774425 3.87098
3552.48 340.2766 318.14554 2.800017 3.8660011
3556.0557 348.53293 327.3185 2.5100188 3.9087262
3559.6313 357.22488 336.05142 2.302044 3.9540417
3563.2073 362.23376 339.58792 2.789532 3.9826384
3566.783 379.04233 356.6087 3.196705 4.0742464
3570.3586 382.60587 358.792 3.186025 4.090442
3573.9346 390.05334 366.3699 3.0524604 4.1287107
3577.5103 398.4077 373.12665 3.423604 4.1729603
3581.086 410.2917 383.073 3.6465857 4.231934
3584.6616 420.1593 392.1181 3.3666503 4.278822
3588.2375 434.79 406.9635 3.0521498 4.3481946
3591.8132 445.36768 417.13007 2.8604472 4.3975253
3595.389 447.90112 418.4798 3.0804358 4.410156
3598.9646 463.5455 434.1164 3.7587175 4.4886317
3602.5405 466.65158 436.70023 3.295679 4.4996734
3606.1162 462.94986 432.1129 2.9975486 4.4808664
3609.692 484.33795 452.8234 3.1729023 4.5800304
3613.2676 487.19153 456.25745 3.234596 4.5945272
3616.8435 502.3371 469.96365 2.7301943 4.6587534
3620.4192 513.562 480.5414 3.0064244 4.7110095
3623.9949 524.4267 491.38022 3.7578738 4.7628546
3627.5708 542.3707 506.96835 3.1311367 4.836936
3631.1465 535.5995 499.94922 2.367861 4.802355
3634.7222 554.90125 521.0794 3.1474445 4.891134
3638.2979 566.3411 531.247 3.3029063 4.940441
3641.8738 571.74927 535.1044 3.3466666 4.9628572
3645.4495 586.1634 548.45166 3.6281316 5.024728
3649.0251 594.4523 556.6263 3.3998218 5.057594
3652.6008 604.2626 564.7599 2.8743567 5.0952015
3656.1768 617.3918 577.4792 3.0304565 5.1495423
3659.7524 629.0484 589.4965 3.2362645 5.196931
3663.3281 633.0969 594.28143 2.9618387 5.2124076
3666.9038 636.9173 598.29266 2.9489543 5.2284937
3670.4797 654.7479 614.0385 3.212687 5.299831
3674.0554 664.0049 623.07654 3.2788317 5.336416
3677.631 654.36206 613.2424 3.385353 5.2986393
3681.2068 667.62006 626.31396 3.606305 5.3518248
3684.7827 681.23254 640.217 3.6715844 5.406228
3688.3584 689.7984 647.3589 2.9529955 5.4344687
3691.934 693.7601 650.58295 3.2929263 5.451371
3695.51 720.6611 676.4998 3.3106925 5.5531893
3699.0857 739.71674 693.7954 3.8588674 5.6275387
3702.6614 731.4673 687.82355 4.157574 5.5978565
3706.237 743.87396 699.09 3.4747882 5.640089
3709.813 763.263 716.33405 3.5871322 5.7122383
3713.3887 778.18005 730.9022 3.8902113 5.767261
3716.9644 790.97095 742.668 3.250595 5.8105993
3720.54 792.12054 745.4203 3.2926056 5.8156977
3724.116 810.2928 762.9781 3.8609881 5.882508
3727.6917 824.67065 774.53467 3.8237176 5.9325237
3731.2673 822.2665 774.1684 4.029075 5.924985
3734.843 854.3023 804.28345 3.8739872 6.036231
3738.419 868.2807 817.7199 3.5504272 6.082831
3741.9946 886.14484 835.77185 3.824222 6.145127
3745.5703 906.70953 854.86664 3.598701 6.2132816
3749.1462 891.8516 842.5509 3.5755405 6.1636224
3752.722 901.412 849.92096 3.5161102 6.1950216
3756.2976 882.7577 832.1048 3.54572 6.1318274
3759.8733 891.2469 842.28796 3.7972133 6.1621556
3763.4492 919.28174 868.23206 4.0082574 6.257046
3767.025 933.1372 882.1707 4.424374 6.305493
3770.6006 973.6774 920.1003 3.5297616 6.4338946
3774.1763 996.92505 941.10443 3.707408 6.5092273
3777.7522 1024.316 968.7115 4.2328763 6.598995
3781.328 1031.502 971.4732 3.9008415 6.6201086
3784.9036 1028.1289 967.8689 3.9764488 6.609049
3788.4792 1044.8125 986.3137 4.16533 6.6630096
3792.0552 1049.7416 989.4897 4.281907 6.678811
3795.6309 1052.4264 991.15155 4.434452 6.687206
3799.2065 1037.7648 977.3154 3.779046 6.63897
3802.7825 1042.2377 981.15894 4.2436533 6.655058
3806.3582 1041.5308 981.1198 4.2855244 6.6530094
3809.9338 1042.662 980.5888 4.248746 6.6560307
3813.5095 1076.0549 1010.31665 4.6986394 6.7610936
3817.0854 1124.3678 1058.5648 4.406654 6.907357
3820.6611 1160.433 1091.2046 4.0374417 7.0140386
3824.2368 1201.6666 1129.3917 3.948736 7.1349483
3827.8125 1195.0015 1125.8966 4.3477607 7.117712
3831.3884 1225.904 1154.3499 4.3008547 7.2069044
3834.964 1273.4082 1198.4208 3.9332895 7.342632
3838.5398 1282.226 1205.3013 4.5771127 7.369313
3842.1155 1290.8602 1214.7345 4.4266353 7.393334
3845.6914 1287.8057 1210.2538 4.076399 7.3829885
3849.267 1301.6686 1223.4087 4.158455 7.422301
3852.8428 1323.1171 1244.9373 4.442335 7.483441
3856.4187 1322.7861 1242.984 4.257076 7.481746
3859.9944 1260.1178 1183.6652 4.092145 7.3033533
3863.57 1242.0283 1164.9342 3.9362552 7.2515197
3867.1458 1236.1343 1161.0614 4.486867 7.236483
3870.7217 1221.8296 1147.8887 4.430752 7.1952105
3874.2974 1248.1963 1173.0936 4.5517974 7.271739
3877.873 1283.687 1205.1664 4.2880015 7.371622
3881.4487 1353.2253 1268.8557 4.767938 7.566897
3885.0247 1385.2742 1301.006 3.9733112 7.652459
3888.6003 1448.5459 1360.786 4.0216045 7.82242
3892.176 1496.3164 1409.3058 4.760259 7.952358
3895.7517 1523.7819 1430.8354 4.162772 8.021205
3899.3276 1550.7146 1457.7158 4.3998938 8.091542
3902.9033 1543.417 1450.9742 5.0320473 8.075196
3906.479 1549.2244 1455.2014 4.117972 8.086453
3910.0547 1580.5564 1482.7338 5.2966323 8.171148
3913.6306 1593.4615 1498.5164 4.304164 8.200565
3917.2063 1619.3131 1522.0193 4.6052165 8.266944
3920.782 1622.0052 1525.7972 4.659398 8.274009
3924.358 1620.9696 1526.7223 4.3799148 8.270765
3927.9336 1646.6434 1548.8413 3.8769944 8.333432
3931.5093 1625.1375 1530.6686 4.6861196 8.281817
3935.085 1667.9296 1570.599 5.157305 8.390419
3938.661 1675.2919 1576.2378 4.288237 8.405669
3942.2366 1648.0522 1550.9207 4.7030187 8.338857
3945.8123 1646.4008 1552.3467 4.4429393 8.334255
3949.388 1628.9856 1535.6255 4.9493184 8.292185
3952.9639 1601.1302 1507.3213 4.961159 8.222264
3956.5396 1542.0385 1452.6323 4.500947 8.068759
3960.1152 1444.5941 1360.239 4.3741574 7.812777
3963.691 1411.3702 1329.035 4.368612 7.7232075
3967.2668 1427.3838 1346.9021 4.8598685 7.7688365
3970.8425 1509.8248 1423.1482 4.670479 7.9856253
3974.4182 1611.7903 1523.807 4.2525225 8.246743
3977.9941 1693.5945 1600.4568 4.5153522 8.451664
3981.5698 1760.4639 1662.0225 4.2770596 8.613905
3985.1455 1780.2887 1681.8715 4.6388917 8.662815
3988.7212 1796.6765 1697.8923 5.1030846 8.70336
3992.297 1844.3341 1743.3943 4.4548507 8.814811
3995.8728 1879.4921 1775.6476 5.009959 8.899063
3999.4485 1886.2057 1784.2516 5.00087 8.915038
4003.0242 1931.0883 1826.5198 5.0820084 9.019534
4006.6 1944.035 1840.1642 4.9939065 9.049012
4010.1758 1917.793 1815.5021 4.974562 8.98805
4013.7515 1941.1619 1840.3005 4.861261 9.041972
4017.3271 1954.2719 1850.3192 4.8936224 9.072329
4020.903 1971.6167 1869.3976 4.95938 9.112024
4024.4788 1954.2372 1853.5219 4.4509006 9.070374
4028.0544 1992.0453 1889.031 5.001763 9.158084
4031.6304 1983.9259 1882.7802 4.849723 9.13978
4035.206 2025.7621 1924.0696 4.784273 9.234326
4038.7817 2009.9087 1908.5325 5.397959 9.20049
4042.3574 2022.3424 1918.9124 5.66036 9.229138
4045.9333 2050.2764 1941.0663 4.4833665 9.288376
4049.509 2040.4347 1936.4838 5.431555 9.269205
4053.0847 2082.6428 1973.1594 5.332742 9.363266
4056.6604 2092.9197 1982.5444 5.153894 9.385485
4060.2363 2108.6284 2000.3939 5.4179025 9.4208555
4063.812 2097.0967 1985.5226 5.140776 9.394361
4067.3877 2142.2615 2028.008 4.7082124 9.493021
4070.9634 2117.1072 2004.2943 5.4075456 9.43914
4074.5393 2121.2302 2008.5137 5.4232407 9.448435
4078.115 2145.5513 2031.2372 5.54485 9.502592
4081.6907 2131.3215 2018.8462 5.4254284 9.471232
4085.2666 2124.533 2011.6659 5.6143985 9.456468
4088.8423 2107.3145 1993.3835 5.2906327 9.417441
4092.418 2103.783 1990.06 4.4740973 9.4078455
4095.9937 2051.793 1940.7585 4.7254996 9.292127
4099.5693 1977.793 1869.9072 4.999973 9.1257105
4103.145 1866.4135 1763.3262 4.979618 8.867366
4106.721 1776.1653 1679.9866 5.683323 8.65488
4110.297 1775.6105 1676.9601 5.486549 8.65216
4113.8726 1847.4584 1748.0553 5.092771 8.823888
4117.448 2027.653 1916.1426 4.808674 9.23734
4121.024 2106.2417 1991.096 5.2382507 9.414863
4124.5996 2191.0618 2072.1296 5.779001 9.602151
4128.1753 2226.7478 2106.0957 5.606324 9.678727
4131.751 2266.4492 2142.7654 6.0750723 9.765513
4135.327 2271.9956 2148.6865 5.3735857 9.774931
4138.903 2314.5483 2187.5679 5.4523306 9.865414
4142.4785 2304.7812 2178.3489 5.8041654 9.84568
4146.054 2326.6804 2201.1724 5.458302 9.891092
4149.63 2351.2773 2225.0386 5.574302 9.94341
4153.2056 2388.7876 2257.676 4.452167 10.0181
4156.7812 2382.3113 2248.5217 5.576609 10.007673
4160.3574 2398.8953 2266.9045 5.5275984 10.041574
4163.933 2437.8342 2303.5994 5.5987663 10.122394
4167.509 2456.9805 2321.4421 5.898007 10.16279
4171.0845 2464.015 2331.95 5.728952 10.176711
4174.66 2457.107 2323.989 5.2418075 10.1613655
4178.236 2461.981 2329.0786 5.2908406 10.171487
4181.8115 2486.8289 2354.55 5.4307714 10.222689
4185.387 2511.0283 2373.8657 5.8993716 10.273047
4188.9634 2476.5134 2343.5527 4.8420687 10.199968
4192.539 2490.4888 2358.712 5.9500895 10.231533
4196.1147 2471.0835 2340.6992 5.9831805 10.191917
4199.6904 2473.9216 2343.7644 5.4960337 10.196462
4203.266 2466.3748 2336.7012 5.850276 10.181893
4206.842 2457.9814 2328.3962 5.2667103 10.162886
4210.4175 2428.23 2301.206 5.127769 10.101449
4213.9937 2427.347 2298.787 5.3525743 10.099878
4217.5693 2433.4778 2307.629 5.56134 10.113218
4221.145 2465.5825 2336.4893 5.961605 10.180095
4224.7207 2444.433 2316.9482 5.15424 10.134502
4228.2964 2477.7922 2349.3083 5.542009 10.204011
4231.872 2505.1714 2377.2625 5.7468963 10.260215
4235.4478 2496.7417 2369.0498 6.14091 10.244078
4239.0234 2529.9346 2399.485 5.208677 10.308803
4242.5996 2547.5093 2418.671 5.127304 10.344353
4246.1753 2566.2256 2435.3157 5.052061 10.381209
4249.751 2571.0095 2440.93 5.509628 10.392177
4253.3267 2593.4153 2465.216 5.7481985 10.437982
4256.9023 2626.5583 2497.4844 5.8212996 10.504176
4260.478 2614.3274 2483.9714 5.658382 10.4789715
4264.0537 2610.254 2482.0981 6.3869886 10.472536
4267.63 2638.6577 2509.0166 5.721138 10.527713
4271.2056 2682.331 2554.76 6.254514 10.61528
4274.7812 2667.3923 2538.0986 6.3768263 10.585419
4278.357 2683.4736 2554.5352 5.3964686 10.614919
4281.9326 2700.0476 2571.7341 5.5315285 10.647824
4285.5083 2723.4373 2597.105 6.092508 10.694967
4289.084 2700.1733 2575.3284 5.8532352 10.64875
4292.6597 2709.912 2581.0112 5.2877364 10.666392
4296.236 2713.3777 2589.2527 5.5738254 10.673728
4299.8115 2701.8198 2576.3535 5.5029187 10.651018
4303.387 2672.8374 2551.278 5.9337087 10.595073
4306.963 2697.2886 2575.2898 5.508497 10.641896
4310.5386 2699.8706 2576.3218 5.045511 10.64593
4314.1143 2689.0276 2568.4412 5.3450603 10.625556
4317.69 2699.083 2579.582 6.125764 10.647232
4321.266 2733.1475 2612.1846 5.7300487 10.712984
4324.842 2720.6067 2601.1523 6.092581 10.6890335
4328.4175 2695.6526 2578.2703 5.8478875 10.6397
4331.993 2694.8635 2575.9065 6.172804 10.638872
4335.569 2657.246 2538.0293 5.9479623 10.56437
4339.1445 2569.8062 2454.4553 6.1849318 10.390859
4342.72 2471.4692 2357.8005 5.8103895 10.19084
4346.296 2277.6924 2175.8513 5.851287 9.786452
4349.872 2111.4634 2015.4265 5.0937037 9.424269
4353.4478 2104.3296 2007.7207 5.8669643 9.410596
4357.0234 2230.9873 2129.6638 6.076356 9.687111
4360.599 2405.6235 2295.0713 5.9862547 10.055739
4364.175 2524.4172 2407.7468 6.4790626 10.300214
4367.7505 2624.46 2504.374 6.3416452 10.500255
4371.326 2651.3455 2524.416 5.893286 10.552267
4374.9023 2707.1445 2579.6482 5.4977508 10.660663
4378.478 2727.277 2600.1965 5.755333 10.70079
4382.0537 2750.3435 2619.6743 6.3862367 10.747227
4385.6294 2756.8086 2628.8655 6.353079 10.759689
4389.205 2800.4622 2670.7566 5.0665817 10.840837
4392.781 2782.9954 2652.2698 6.0916486 10.809345
4396.3564 2790.3484 2659.7258 5.7991934 10.822942
4399.932 2817.502 2687.0745 6.612534 10.877156
4403.5083 2795.8494 2663.3418 6.090213 10.834137
4407.084 2796.4219 2665.1775 6.105654 10.835314
4410.6597 2793.4731 2660.0361 6.1822352 10.829783
4414.2354 2832.686 2697.4248 6.2204614 10.9054165
4417.811 2838.2827 2705.6455 6.4150867 10.916271
4421.3867 2859.3367 2720.863 6.185226 10.955831
4424.9624 2817.4556 2683.641 6.713458 10.876988
4428.5386 2830.89 2697.3525 6.229205 10.90151
4432.1143 2821.4338 2688.099 6.622957 10.884292
4435.69 2808.749 2675.58 6.2360125 10.85911
4439.2656 2836.9275 2703.2888 6.826266 10.914393
4442.8413 2848.634 2713.0425 6.0080366 10.934579
4446.417 2845.1116 2711.258 7.6310515 10.931974
4449.9927 2846.9456 2714.0298 6.11592 10.9316025
4453.5684 2872.9998 2734.2693 6.877001 10.9831915
4457.1445 2862.0947 2727.307 6.8820834 10.962143
4460.72 2873.621 2738.7405 6.3356447 10.982766
4464.296 2856.3867 2722.1228 6.009003 10.949345
4467.8716 2850.2107 2716.5415 6.718904 10.939153
4471.4473 2855.835 2723.2144 6.680503 10.949749
4475.023 2853.6953 2722.1738 6.152844 10.944955
4478.5986 2798.7307 2669.8206 6.631045 10.840751
4482.1743 2772.8315 2643.9036 6.6786556 10.790793
4485.7505 2793.6602 2661.4504 6.7702875 10.830902
4489.326 2839.2139 2708.1284 6.7635393 10.918383
4492.902 2846.4966 2714.3088 6.05887 10.930283
4496.4775 2872.6868 2740.1921 6.0594797 10.980418
4500.053 2862.2727 2731.4915 6.2494364 10.960969
4503.629 2858.0532 2727.6663 7.3481665 10.955536
4507.2046 2861.3262 2731.0337 6.3509474 10.959226
4510.781 2854.3064 2724.4688 6.5946684 10.946465
4514.3564 2850.3289 2719.5015 5.7595057 10.9368
4517.932 2888.2207 2754.7646 6.505295 11.010699
4521.508 2881.5996 2751.8884 6.2126093 10.997355
4525.0835 2904.4478 2775.0344 6.5680027 11.041667
4528.659 2920.303 2790.9307 6.6310124 11.071538
4532.235 2910.9197 2781.6978 6.242586 11.05289
4535.8105 2927.4802 2797.523 6.396541 11.084264
4539.3867 2909.8538 2778.2397 5.8351665 11.049938
4542.9624 2911.221 2785.0713 5.7673697 11.05219
4546.538 2874.8396 2749.9688 6.521465 10.985273
4550.114 2866.455 2740.617 6.3322463 10.968726
4553.6895 2869.5874 2745.5444 6.2554483 10.974579
4557.265 2877.9846 2754.1536 6.555331 10.990977
4560.841 2898.278 2771.141 7.135634 11.030793
4564.417 2939.2217 2813.4763 6.5558777 11.106566
4567.9927 2953.6838 2828.2002 7.102413 11.134696
4571.5684 2955.3289 2831.7358 6.0829043 11.135858
4575.144 2950.352 2826.399 6.5108123 11.127158
4578.7197 2934.106 2812.4534 6.5041585 11.096763
4582.2954 2946.0579 2824.566 6.376971 11.119132
4585.871 2942.4885 2822.5676 6.1079836 11.111848
4589.447 2945.4968 2825.4958 5.9134493 11.116819
4593.023 2955.9187 2835.0183 6.848083 11.138408
4596.5986 2932.765 2816.7166 7.2751822 11.096131
4600.1743 2948.7349 2831.8035 6.4513516 11.123938
4603.75 2936.357 2820.474 6.1731524 11.100026
4607.3257 2936.9692 2820.316 5.9864264 11.100767
4610.9014 2934.2363 2820.007 6.4643793 11.096901
4614.477 2895.2878 2783.267 6.970671 11.024392
4618.053 2924.6213 2808.3772 5.3435874 11.075997
4621.629 2901.6206 2791.3206 5.868937 11.033997
4625.2046 2916.284 2807.1306 5.919056 11.061824
4628.7803 2903.9646 2797.28 6.6070743 11.039993
4632.356 2917.8435 2809.0488 6.5539575 11.065999
4635.9316 2906.3088 2799.2742 6.1215763 11.043329
4639.5073 2920.3796 2809.6487 6.1456995 11.069916
4643.083 2912.859 2802.3604 6.7284145 11.057038
4646.659 2931.8003 2823.1853 5.7642784 11.090519
4650.235 2957.669 2847.5667 6.0118566 11.13951
4653.8105 2942.3904 2831.23 7.68432 11.114787
4657.386 2989.716 2876.7468 6.602378 11.200723
4660.962 2972.9749 2860.0527 6.8475227 11.17003
4664.5376 2973.2405 2861.6445 6.5325985 11.1696
4668.1133 2963.343 2848.9294 5.603726 11.1487055
4671.6895 2989.9197 2876.5933 6.4161453 11.200669
4675.265 2962.1821 2846.1309 6.764536 11.149488
4678.841 2985.9844 2870.4504 6.247398 11.192794
4682.4165 2896.3345 2783.2668 6.77309 11.025626
4685.992 2753.9873 2648.5474 6.6504583 10.7534
4689.568 2654.562 2547.8022 6.0119004 10.556887
4693.1436 2702.341 2597.3926 6.3238378 10.651734
4696.719 2839.5542 2729.1514 6.149127 10.916758
4700.2954 2917.1345 2804.3604 5.432005 11.061979
4703.871 2963.1724 2845.4531 5.537293 11.148405
4707.447 2961.4434 2844.925 6.2192554 11.14688
4711.0225 2966.4866 2850.096 6.517658 11.156792
4714.598 2964.9922 2846.292 6.586641 11.1543045
4718.174 2987.0625 2868.415 5.982667 11.194249
4721.7495 2969.246 2852.0054 6.7718263 11.162694
4725.3257 2958.1484 2837.314 6.047881 11.140243
4728.9014 2985.634 2865.1372 5.6697564 11.190524
4732.477 2963.2166 2845.7993 6.523197 11.150731
4736.0527 2948.2834 2830.0447 5.578932 11.120519
4739.6284 2944.8247 2824.511 5.423932 11.113767
4743.204 2938.1277 2820.4055 6.067614 11.102801
4746.78 2931.8157 2813.9175 6.344742 11.091269
4750.3555 2931.512 2814.1292 6.315487 11.090787
4753.9316 2941.216 2822.9102 5.866909 11.107838
4757.5073 2934.8708 2817.0396 6.6604714 11.097911
4761.083 2898.1475 2783.4941 6.503181 11.028184
4764.6587 2899.8694 2783.1646 6.503424 11.031284
4768.2344 2917.4412 2800.2078 6.383541 11.064415
4771.81 2907.031 2790.4724 5.8985343 11.04361
4775.3857 2903.4639 2786.372 6.0650945 11.037131
4778.962 2901.195 2783.9116 6.218199 11.033124
4782.5376 2891.0884 2775.3228 6.6292524 11.015277
4786.1133 2931.224 2814.2397 5.622774 11.088318
4789.689 2892.6184 2777.4766 6.4412146 11.017533
4793.2646 2895.686 2779.7266 5.4269657 11.02114
4796.8403 2911.5994 2797.767 6.134749 11.052918
4800.416 2909.2952 2793.369 6.2565727 11.048533
4803.9917 2892.8298 2777.2402 5.886863 11.016621
4807.568 2892.6426 2777.1155 6.2004666 11.016965
4811.1436 2901.6287 2786.1025 5.9139977 11.033209
4814.719 2905.438 2789.5618 6.1424613 11.041173
4818.295 2877.489 2762.7634 6.1067634 10.9878645
4821.8706 2882.5847 2768.832 5.819414 10.996924
4825.4463 2882.4597 2767.6025 6.525235 10.998402
4829.022 2868.6802 2756.3083 6.934817 10.973212
4832.598 2855.5886 2744.5586 6.8239446 10.947749
4836.174 2840.7495 2729.1 6.590848 10.919288
4839.7495 2797.1191 2687.2393 6.328558 10.834918
4843.325 2785.586 2677.465 6.0823326 10.812261
4846.901 2723.585 2616.9792 6.5474873 10.6931715
4850.4766 2629.4182 2527.5354 6.6551967 10.508357
4854.0522 2506.4663 2409.912 6.396684 10.261705
4857.628 2293.1663 2204.6484 6.494695 9.817905
4861.204 2187.707 2103.361 6.2629576 9.59139
4864.78 2248.9968 2162.1726 6.5902658 9.724431
4868.3555 2409.3345 2319.321 5.756991 10.060071
4871.931 2574.8315 2476.2854 5.8687906 10.397807
4875.507 2674.532 2573.5154 5.7695847 10.595306
4879.0825 2737.4526 2632.9988 6.222779 10.719386
4882.658 2747.807 2643.8792 6.669548 10.740412
4886.2344 2778.4734 2673.9414 7.005891 10.800346
4889.81 2783.417 2678.7175 6.550944 10.80894
4893.3857 2797.8516 2692.6052 6.6713934 10.836937
4896.9614 2797.6453 2692.4346 6.0604897 10.835292
4900.537 2830.2788 2724.602 6.452341 10.898583
4904.113 2797.5417 2693.2869 6.263968 10.835331
4907.6885 2814.3376 2706.6248 5.838992 10.867057
4911.264 2823.526 2719.386 6.0094967 10.884569
4914.8403 2821.218 2718.207 5.8025203 10.879934
4918.416 2793.3948 2691.271 6.1472816 10.827225
4921.9917 2810.6868 2706.3167 6.515582 10.861287
4925.5674 2809.4185 2708.2712 6.510659 10.858774
4929.143 2827.0674 2726.1885 6.5942936 10.892871
4932.7188 2810.498 2709.0044 5.7240663 10.859111
4936.2944 2818.3005 2716.9177 5.5638986 10.87384
4939.87 2801.6785 2702.175 6.5140057 10.843825
4943.4463 2808.4146 2709.7869 6.352659 10.856479
4947.022 2809.627 2712.673 6.047877 10.85814
4950.5977 2802.535 2706.988 6.8245635 10.846079
4954.1733 2803.3872 2706.0823 6.3082604 10.846656
4957.749 2811.1985 2714.321 5.791275 10.86068
4961.3247 2790.1023 2692.4434 6.208751 10.8209
4964.9004 2800.2654 2702.0022 5.202068 10.838191
4968.4766 2814.2363 2719.777 5.73436 10.86619
4972.0522 2801.8572 2706.9573 6.4445133 10.84397
4975.628 2773.0645 2678.9934 5.8357234 10.787181
4979.2036 2793.2554 2700.4475 5.6039796 10.8256445
4982.7793 2748.6135 2655.4187 5.255179 10.73828
4986.355 2769.4102 2680.258 6.3779764 10.78144
4989.9307 2770.7761 2679.8823 5.933411 10.782918
4993.5063 2756.0957 2667.1455 6.677222 10.756078
4997.0825 2788.94 2701.1223 5.9110527 10.81792
5000.658 2765.0066 2677.5378 5.749475 10.77133
5004.234 2757.4143 2668.3042 6.035402 10.757101
5007.8096 2760.7153 2669.7559 6.3858843 10.764469
5011.3853 2734.9229 2649.973 6.316449 10.714256
5014.961 2725.8489 2641.6636 6.2909217 10.696536
5018.5366 2747.1824 2662.5315 5.8343024 10.737356
5022.113 2710.5483 2626.4355 6.685081 10.667884
5025.6885 2754.1611 2669.1125 6.3375335 10.751566
5029.264 2736.6858 2653.985 5.791773 10.716408
5032.84 2726.6455 2645.5479 5.4449525 10.696237
5036.4155 2715.1108 2630.1917 5.5481386 10.673678
5039.991 2709.2478 2627.0334 5.8778787 10.663099
5043.567 2723.788 2641.278 6.060379 10.6919365
5047.1426 2721.0615 2639.5808 5.647706 10.685846
5050.7188 2709.2285 2623.6294 6.1057024 10.663585
5054.2944 2706.2825 2622.6663 6.157547 10.65802
5057.87 2740.701 2654.7095 6.4378304 10.725729
5061.446 2717.4104 2632.6614 6.1132946 10.679543
5065.0215 2713.8374 2627.377 6.008312 10.672492
5068.597 2689.1243 2603.3413 6.1224494 10.62433
5072.173 2704.021 2619.202 6.1954145 10.653724
5075.749 2702.6536 2616.9995 5.6471415 10.649644
5079.3247 2689.7905 2605.2654 5.848727 10.624944
5082.9004 2684.2173 2599.218 5.905326 10.613989
5086.476 2704.7534 2617.1548 5.8765497 10.654184
5090.052 2682.4973 2595.237 5.365296 10.609519
5093.6274 2672.7793 2588.0288 6.3826942 10.592557
5097.203 2665.0186 2575.5872 5.6759953 10.5758505
5100.779 2670.5193 2585.2651 6.3374867 10.588039
5104.355 2672.6995 2585.611 5.9513836 10.591679
5107.9307 2684.6082 2598.2126 5.9887013 10.615295
5111.5063 2658.3682 2573.841 5.7809477 10.563069
5115.082 2663.9172 2576.8389 6.50443 10.575531
5118.6577 2642.564 2557.945 6.3743086 10.5330715
5122.2334 2666.2068 2578.8745 6.827115 10.580778
5125.809 2662.908 2574.5132 5.981038 10.572308
5129.3853 2676.2554 2588.6873 6.010238 10.598605
5132.961 2655.6829 2568.159 6.0723853 10.558094
5136.5366 2638.5754 2552.2388 6.194229 10.524763
5140.1123 2625.7654 2540.4531 5.4854145 10.497576
5143.688 2657.8154 2568.4844 5.624563 10.5613165
5147.2637 2659.249 2570.1729 6.226579 10.565733
5150.8394 2644.5693 2556.6147 6.1063848 10.53629
5154.415 2625.9912 2538.1272 6.250725 10.499977
5157.991 2614.3838 2528.9111 5.959279 10.476171
5161.567 2629.5933 2539.744 5.9456916 10.506362
5165.1426 2640.43 2552.154 4.980867 10.525763
5168.7183 2628.017 2539.078 5.783253 10.502932
5172.294 2620.259 2532.2551 5.204222 10.486228
5175.8696 2627.7368 2540.4526 5.902638 10.502796
5179.4453 2607.5078 2519.3318 5.3988166 10.461091
5183.0215 2610.8403 2523.67 5.6407185 10.468087
5186.597 2577.319 2493.2805 5.4433537 10.400975
5190.173 2610.2446 2522.1738 5.413246 10.466799
5193.7485 2603.3423 2514.8733 5.239221 10.452669
5197.324 2596.7468 2508.3198 5.629666 10.440299
5200.9 2588.6536 2500.6792 6.6196775 10.426595
5204.4756 2576.642 2489.604 6.311082 10.401739
5208.0513 2568.899 2483.094 6.017012 10.385307
5211.6274 2574.506 2487.0342 5.834434 10.396246
5215.203 2562.8232 2475.4807 5.8724914 10.373116
5218.779 2597.694 2509.388 6.2248178 10.44327
5222.3545 2582.3274 2493.7424 5.863299 10.411788
5225.93 2563.5063 2478.5408 6.0706935 10.374727
5229.506 2554.2805 2467.4973 5.0634475 10.353737
5233.0815 2570.1792 2483.5156 6.0584345 10.387968
5236.6577 2567.1667 2480.7922 5.214321 10.380037
5240.2334 2561.5369 2475.1538 6.331611 10.371348
5243.809 2553.4375 2469.1023 6.2114625 10.354615
5247.385 2529.1858 2445.6536 6.3839335 10.305957
5250.9604 2517.3467 2431.6538 5.6538754 10.280318
5254.536 2543.0789 2457.1523 5.3378134 10.332003
5258.112 2533.1255 2447.8994 6.499017 10.314715
5261.6875 2507.2607 2422.62 4.795243 10.257918
5265.2637 2510.4302 2425.668 5.6808195 10.266613
5268.8394 2527.058 2442.643 5.524474 10.299903
5272.415 2522.115 2438.4849 5.9214425 10.2906685
5275.9907 2521.126 2437.0205 5.051074 10.286907
5279.5664 2505.684 2422.1533 5.2105665 10.255721
5283.142 2518.471 2434.0242 5.650844 10.2825775
5286.718 2514.3826 2430.17 5.5550075 10.274235
5290.294 2490.5903 2407.9963 5.1459384 10.22491
5293.8696 2503.5857 2420.58 5.635689 10.25254
5297.4453 2502.3047 2418.2078 5.8338304 10.250608
5301.021 2491.8381 2408.4656 5.250256 10.227973
5304.5967 2492.8835 2409.881 5.749683 10.230988
5308.1724 2469.2922 2388.0703 6.0110807 10.183518
5311.748 2468.0469 2387.0771 5.4807997 10.17947
5315.3237 2472.1072 2389.685 5.234817 10.187552
5318.9 2486.354 2403.2483 5.5694757 10.217483
5322.4756 2469.112 2388.673 5.5988216 10.182211
5326.0513 2475.26 2394.7515 5.8539824 10.1955185
5329.627 2449.8552 2372.022 5.5640326 10.142699
5333.2026 2468.6235 2385.877 5.0397863 10.180048
5336.7783 2450.3894 2370.781 4.798891 10.141663
5340.354 2447.49 2367.131 5.3228984 10.137241
5343.93 2444.1294 2365.8123 5.1309257 10.12977
5347.506 2455.6187 2375.9277 5.0707088 10.153262
5351.0815 2462.9685 2383.8718 5.5904765 10.169663
5354.657 2438.0706 2361.3748 5.605373 10.118633
5358.233 2440.3877 2362.0337 5.4401593 10.122857
5361.8086 2432.4546 2354.6704 5.541567 10.106697
5365.3843 2423.3293 2345.4973 5.1227484 10.086832
5368.96 2430.8994 2353.6843 5.283089 10.10311
5372.536 2432.4866 2354.6062 5.296272 10.106505
5376.112 2421.9304 2343.8496 5.0849895 10.08397
5379.6875 2419.55 2342.2563 5.857288 10.080896
5383.263 2413.7214 2337.2566 5.717405 10.068687
5386.839 2400.1785 2325.4907 5.553663 10.039924
5390.4146 2375.3162 2302.9678 6.1435823 9.98973
5393.99 2396.7317 2321.8828 5.256352 10.032327
5397.566 2377.3052 2302.6929 5.4809523 9.992375
5401.142 2316.951 2244.6194 5.99638 9.866908
5404.718 2259.7642 2190.1267 6.4066854 9.746464
5408.2935 2238.858 2169.09 5.6275277 9.699637
5411.869 2258.2065 2187.7397 5.4775767 9.740736
5415.445 2323.326 2252.2334 6.1757245 9.880698
5419.0205 2346.276 2274.2097 5.1668863 9.926632
5422.596 2348.8984 2276.9634 5.7252784 9.933425
5426.1724 2350.8953 2280.1797 5.468804 9.936899
5429.748 2360.6226 2292.7644 4.166311 9.954236
5433.3237 2367.7676 2297.3003 5.365911 9.972174
5436.8994 2361.3884 2290.7537 5.1614013 9.95814
5440.475 2354.3572 2284.8894 4.9027452 9.94312
5444.051 2341.949 2272.7842 5.201464 9.917398
5447.6265 2316.589 2245.2068 5.175045 9.864531
5451.202 2370.0205 2300.2554 4.7996607 9.975529
5454.7783 2333.8142 2266.3274 5.506334 9.901252
5458.354 2337.9338 2270.9653 5.4206166 9.909896
5461.9297 2295.5913 2229.8804 5.743593 9.8211355
5465.5054 2328.2495 2261.0059 5.903549 9.890487
5469.081 2304.4385 2239.0945 5.607427 9.839322
5472.6567 2339.1216 2271.2146 5.3934555 9.912353
5476.2324 2336.851 2269.5002 6.1394234 9.909392
5479.8086 2309.741 2243.807 5.2491612 9.849818
5483.3843 2299.0586 2233.975 5.0139 9.826963
5486.96 2313.6045 2249.517 4.792045 9.856907
5490.5356 2301.0244 2232.333 5.0881658 9.831215
5494.1113 2297.282 2235.7988 5.656868 9.824438
5497.687 2298.858 2237.2083 5.4007816 9.827224
5501.2627 2306.9468 2241.9128 5.9099274 9.845586
5504.8384 2311.7556 2248.61 5.513466 9.854958
5508.4146 2275.0596 2214.5918 5.1442437 9.776123
5511.99 2272.4504 2210.0352 5.0467267 9.770213
5515.566 2277.5405 2214.5671 4.7488008 9.780213
5519.1416 2284.3816 2222.6572 5.2051578 9.795981
5522.7173 2260.2815 2198.616 5.4454427 9.745261
5526.293 2266.261 2205.3838 5.429249 9.758147
5529.8687 2279.349 2221.1675 5.138748 9.785465
5533.445 2269.8447 2210.3787 5.3142633 9.765513
5537.0205 2251.2175 2193.3887 5.3082542 9.725665
5540.596 2244.3198 2186.3745 5.5814824 9.711559
5544.172 2253.2588 2194.02 4.9590487 9.729267
5547.7476 2238.7048 2182.4175 4.034983 9.69587
5551.323 2242.4785 2182.569 4.9951053 9.706079
5554.899 2226.014 2168.7458 5.518113 9.671741
5558.4746 2235.1753 2177.6853 5.722585 9.69208
5562.051 2245.4543 2185.669 5.9249744 9.71501
5565.6265 2251.533 2191.903 6.252628 9.72849
5569.202 2248.5513 2190.308 8.561145 9.727701
5572.778 2224.8337 2166.3677 9.940779 9.680355
5576.3535 2229.3945 2171.6013 10.369553 9.691118
5579.929 2214.464 2156.922 10.090165 9.658512
5583.505 2196.4211 2140.8276 8.083529 9.614586
5587.081 2196.9573 2143.4375 5.4181495 9.608914
5590.6567 2217.7456 2162.0374 4.393837 9.651473
5594.2324 2175.0679 2115.615 5.1334124 9.56071
5597.808 2202.9646 2143.0068 4.6118064 9.619838
5601.384 2192.5344 2136.5059 5.12256 9.5988655
5604.9595 2178.4604 2120.6372 4.9577193 9.567784
5608.535 2179.2239 2118.8196 4.6978045 9.568647
5612.111 2173.952 2117.7893 5.6276383 9.559626
5615.687 2154.3093 2094.2112 5.1821976 9.515728
5619.2627 2143.994 2083.0332 5.293879 9.492963
5622.8384 2156.3909 2096.9822 5.490089 9.521459
5626.414 2166.3286 2106.2295 5.234749 9.542181
5629.9897 2150.9768 2091.8816 5.154833 9.508102
5633.5654 2149.5872 2091.124 4.846823 9.504405
5637.141 2125.3618 2062.16 5.161369 9.451856
5640.7173 2139.1772 2079.1646 5.1593986 9.482433
5644.293 2124.551 2063.728 5.7124295 9.451475
5647.8687 2136.1802 2075.1514 4.730059 9.474441
5651.4443 2116.8516 2056.15 5.208047 9.433292
5655.02 2091.7014 2033.883 4.944185 9.376861
5658.5957 2106.8154 2047.3972 5.248501 9.411373
5662.1714 2120.293 2057.271 4.403167 9.438847
5665.747 2121.5918 2060.4363 4.8794785 9.442826
5669.323 2111.7878 2052.138 4.997446 9.421319
5672.899 2091.091 2030.3663 4.363628 9.3737335
5676.4746 2103.9043 2043.2804 4.56942 9.402995
5680.0503 2055.378 1994.3333 4.6563973 9.295225
5683.626 2055.7803 1994.9703 4.9131246 9.296646
5687.2017 2057.7585 1997.7184 5.058944 9.301661
5690.7773 2062.133 2002.4188 5.544743 9.312645
5694.3535 2078.1912 2018.734 5.6686077 9.349005
5697.929 2052.2205 1993.169 4.947973 9.288956
5701.505 2066.329 2006.9847 4.6645546 9.319679
5705.0806 2050.3132 1991.0098 4.869148 9.284304
5708.6562 2067.0361 2005.0857 4.468395 9.321038
5712.232 2045.0441 1983.1238 4.853092 9.272417
5715.8076 2042.298 1980.59 5.2148237 9.267211
5719.3833 2051.201 1990.6544 5.144039 9.287096
5722.9595 2024.099 1963.8171 5.455544 9.227385
5726.535 2024.5618 1963.9414 4.67767 9.226073
5730.111 2016.188 1955.3058 4.637131 9.207086
5733.6865 2022.0764 1959.1084 4.96588 9.221487
5737.262 2008.4501 1947.0419 4.8274245 9.189807
5740.838 2018.6307 1957.9155 4.9599257 9.213461
5744.4136 2005.9822 1945.1135 4.4044995 9.1832485
5747.9897 2000.2953 1938.9229 4.7091856 9.171245
5751.5654 1998.1178 1938.196 4.4452972 9.1657
5755.141 1997.5233 1935.4205 4.65324 9.16495
5758.717 1991.474 1929.7529 3.6205108 9.148319
5762.2925 1994.1495 1934.1732 4.335125 9.156321
5765.868 1969.9836 1909.7738 4.977771 9.10285
5769.444 1985.383 1925.9138 4.559881 9.136973
5773.0195 1979.2732 1919.7323 4.4930234 9.122782
5776.5957 1957.4485 1897.2783 4.987659 9.07402
5780.1714 1972.7465 1912.2596 4.09772 9.107415
5783.747 1963.073 1901.0525 4.51968 9.085975
5787.3228 1971.2894 1911.1631 4.0079646 9.103517
5790.8984 1965.9297 1905.6385 4.6363416 9.0930805
5794.474 1961.332 1901.1637 4.152418 9.08106
5798.05 1965.2712 1903.8896 4.9108047 9.092035
5801.626 1952.8955 1892.5883 3.8418841 9.060671
5805.2017 1960.7565 1900.4786 4.82629 9.081597
5808.7773 1961.5326 1899.3295 4.8266783 9.083392
5812.353 1957.0939 1894.4479 4.7019873 9.072766
5815.9287 1968.5999 1907.4567 4.883302 9.099823
5819.5044 1969.1973 1907.016 4.824516 9.100686
5823.08 1943.2252 1883.1455 4.7643194 9.040578
5826.656 1929.832 1866.2781 4.630559 9.009336
5830.232 1969.1624 1911.498 4.5683527 9.099536
5833.8076 2048.694 1998.8657 5.020239 9.281197
5837.3833 2041.321 1972.2123 5.3142967 9.263918
5840.959 1940.2749 1877.72 4.3736477 9.032174
5844.5347 1925.6316 1864.2823 4.86652 9.001152
5848.1104 1945.534 1883.8306 4.660616 9.046393
5851.686 1934.3021 1873.0779 4.569448 9.020091
5855.2617 1915.9749 1854.8314 4.3985333 8.977131
5858.838 1918.4933 1856.3763 4.853196 8.984496
5862.4136 1914.5083 1853.1775 4.7262154 8.974667
5865.9893 1911.388 1849.7719 4.5708585 8.967001
5869.565 1888.4216 1828.5835 4.5516496 8.913524
5873.1406 1832.7512 1774.7637 4.6311345 8.782424
5876.7163 1808.0935 1749.155 4.9044385 8.724389
5880.292 1844.9222 1784.5259 5.2323146 8.8129635
5883.868 1868.793 1805.5311 5.1144676 8.869331
5887.444 1866.2843 1806.9906 6.9816623 8.868179
5891.0195 1849.6036 1790.3746 7.452024 8.83027
5894.595 1844.3777 1784.9363 7.860139 8.819404
5898.171 1851.3501 1793.1625 7.994179 8.836542
5901.7466 1859.2106 1798.7795 6.8920994 8.851789
5905.3223 1843.2384 1783.895 6.0978656 8.811532
5908.898 1854.4954 1794.106 4.820443 8.834845
5912.474 1855.026 1793.7742 4.745977 8.835737
5916.05 1832.1462 1772.7897 3.9250164 8.779239
5919.6255 1839.9373 1781.164 4.6256604 8.800039
5923.201 1838.653 1778.9902 4.69883 8.797077
5926.777 1828.2261 1770.0087 4.6723714 8.772308
5930.3525 1829.5603 1770.4999 4.49087 8.775066
5933.928 1821.5438 1762.9032 4.444098 8.755667
5937.5044 1807.5569 1749.2052 4.7599754 8.723259
5941.08 1822.8118 1763.527 4.609394 8.759611
5944.656 1800.6561 1743.8723 5.067977 8.707964
5948.2314 1793.8682 1735.1365 4.837162 8.690866
5951.807 1793.6929 1735.9545 4.3765807 8.689096
5955.383 1781.7511 1724.1969 4.4102397 8.660473
5958.9585 1783.8376 1727.4647 4.018064 8.664695
5962.534 1779.9214 1724.464 4.243537 8.655603
5966.1104 1775.7733 1718.122 4.3623786 8.646023
5969.686 1777.1907 1719.3263 4.703732 8.650594
5973.2617 1781.1904 1722.6128 4.805198 8.660182
5976.8374 1775.1897 1715.9843 4.5753736 8.645292
5980.413 1774.5854 1715.7277 4.7723384 8.644551
5983.989 1769.539 1711.9857 4.3389764 8.630897
5987.5645 1761.4161 1704.4657 4.96425 8.613098
5991.1406 1763.5868 1706.5363 4.240796 8.6161995
5994.7163 1742.3075 1686.0499 4.359876 8.565228
5998.292 1746.0295 1688.9844 3.2998176 8.571244
6001.8677 1736.3131 1678.9191 3.376287 8.547589
6005.4434 1744.1957 1687.2794 3.8402436 8.568158
6009.019 1740.1235 1683.3019 4.064708 8.558739
6012.5947 1743.0569 1685.5425 4.277806 8.566754
6016.1704 1733.2129 1677.4581 4.3746705 8.543358
6019.7466 1717.3782 1660.1337 4.1143866 8.503643
6023.3223 1711.0924 1655.7216 3.8919888 8.487728
6026.898 1717.5062 1660.806 4.02371 8.504063
6030.4736 1708.5182 1652.9187 4.2285438 8.482373
6034.0493 1718.2992 1661.7572 4.8758335 8.508243
6037.625 1717.4027 1660.2167 4.3960595 8.504505
6041.2007 1739.341 1682.0116 3.4415505 8.5554495
6044.777 1732.4882 1674.679 3.9827306 8.540623
6048.3525 1727.2976 1670.9761 4.4345565 8.529579
6051.928 1727.7894 1671.2172 4.2059956 8.529705
6055.504 1728.1276 1668.627 4.1711073 8.530728
6059.0796 1736.4324 1677.573 3.8202472 8.54987
6062.6553 1720.6637 1663.9204 3.8476849 8.511326
6066.231 1706.7305 1651.5414 3.9093513 8.4775305
6069.8066 1711.7457 1655.1122 4.201481 8.490645
6073.383 1710.5311 1652.7411 4.725819 8.489179
6076.9585 1705.1351 1648.2661 4.2534966 8.474286
6080.534 1707.6223 1652.1869 4.324048 8.480521
6084.11 1702.0023 1644.1913 4.0384345 8.465987
6087.6855 1708.3994 1649.9819 4.2583833 8.482707
6091.261 1708.9774 1653.3087 4.4208617 8.485093
6094.837 1689.5155 1633.7864 4.59495 8.437212
6098.413 1675.3967 1619.3712 4.7105765 8.402573
6101.989 1694.9476 1638.8003 4.1469507 8.44948
6105.5645 1685.3652 1629.1007 4.0574193 8.425425
6109.14 1699.0243 1642.8682 3.626021 8.457935
6112.716 1711.7781 1654.4005 4.204219 8.4911
6116.2915 1689.9095 1633.0295 4.198197 8.437103
6119.867 1675.4384 1618.0168 3.762098 8.399998
6123.443 1688.852 1633.7761 3.9670858 8.434374
6127.019 1682.4995 1628.638 4.345519 8.4194765
6130.5947 1679.9589 1625.5762 4.196844 8.412283
6134.1704 1676.1531 1622.0413 4.2897105 8.403524
6137.746 1699.9448 1642.4287 3.9527123 8.461174
6141.322 1680.8279 1622.9579 4.3792057 8.415135
6144.8975 1667.9507 1614.1921 4.675197 8.384987
6148.473 1681.9025 1625.6488 4.320945 8.417715
6152.0493 1664.4994 1608.3567 4.499454 8.375537
6155.625 1672.2734 1618.7579 4.241967 8.393889
6159.2007 1661.1089 1605.5858 4.4401684 8.366755
6162.7764 1664.1478 1609.3315 4.4337664 8.374477
6166.352 1654.826 1601.6793 4.0343413 8.349831
6169.9277 1666.3555 1610.1453 4.014331 8.378694
6173.5034 1652.8445 1597.6188 4.794658 8.347522
6177.079 1645.582 1591.7002 4.695681 8.328882
6180.6553 1656.5447 1601.0065 4.2873635 8.354955
6184.231 1642.687 1587.3695 4.6869545 8.322163
6187.8066 1631.6805 1577.4392 3.896113 8.291817
6191.3823 1640.7958 1587.5607 4.8417587 8.317933
6194.958 1618.8075 1565.3141 4.268492 8.260831
6198.5337 1621.6881 1568.7438 4.9637713 8.270071
6202.1094 1607.4031 1554.8046 4.6114483 8.232709
6205.6855 1612.1418 1559.0679 3.8648732 8.242264
6209.261 1609.6127 1559.3842 4.3451324 8.237827
6212.837 1618.167 1566.72 3.9516332 8.258036
6216.4126 1604.5466 1552.2441 3.8937757 8.223333
6219.9883 1585.559 1532.2631 3.5888157 8.174625
6223.564 1598.0496 1546.2976 3.5793746 8.206267
6227.1396 1576.3104 1524.4951 3.9586089 8.151769
6230.7153 1582.4794 1530.6577 3.9251468 8.167243
6234.2915 1587.1536 1535.1202 4.8905134 8.182532
6237.867 1556.3691 1507.0267 5.202663 8.105151
6241.443 1548.2484 1497.8423 4.424441 8.0813465
6245.0186 1552.8677 1499.848 4.273352 8.092304
6248.594 1544.2125 1494.8518 4.3498936 8.0706625
6252.17 1535.9614 1487.4707 4.0805597 8.048549
6255.7456 1530.7992 1480.5537 3.9931507 8.034606
6259.322 1540.3735 1492.2617 3.8411295 8.059437
6262.8975 1534.2694 1483.5217 3.4908957 8.041916
6266.473 1534.6162 1485.6631 4.537883 8.046687
6270.049 1525.6227 1475.0443 4.0342336 8.021617
6273.6245 1515.3746 1466.9868 4.120807 7.995539
6277.2 1492.1655 1444.1384 3.9297678 7.9340982
6280.776 1465.7898 1416.2565 3.7330828 7.8636713
6284.3516 1475.8419 1429.1675 3.7221184 7.8907175
6287.9277 1477.9639 1431.9226 3.5357792 7.8954234
6291.5034 1493.8002 1442.4452 4.3265066 7.9394226
6295.079 1492.1057 1443.4089 4.6373186 7.936342
6298.655 1476.167 1428.3954 3.8828256 7.8919964
6302.2305 1493.7548 1445.8741 4.770186 7.941352
6305.806 1489.9711 1441.1104 4.877353 7.9318223
6309.382 1476.3112 1426.4825 4.615789 7.894158
6312.9575 1474.4513 1426.6952 4.5006957 7.889849
6316.5337 1481.6825 1433.5486 4.419195 7.9080286
6320.1094 1488.6862 1440.8208 3.8996818 7.925352
6323.685 1478.1449 1430.5127 4.127122 7.8981924
6327.2607 1471.3448 1422.5175 3.4782019 7.8781404
6330.8364 1457.4358 1409.7601 3.89493 7.843069
6334.412 1446.917 1399.5782 4.0751996 7.8146086
6337.988 1462.6967 1416.0925 4.484186 7.859059
6341.564 1467.4297 1420.9467 3.6760926 7.8684797
6345.1396 1469.1202 1421.0568 3.9310555 7.8735895
6348.7153 1462.8761 1415.117 3.6912303 7.856235
6352.291 1452.5084 1403.9801 4.0431166 7.8298535
6355.8667 1437.9313 1393.9795 4.017228 7.7914433
6359.4424 1442.3687 1395.748 4.4496894 7.804542
6363.018 1444.9313 1397.995 3.701507 7.809
6366.5938 1433.1548 1385.6742 4.436934 7.7799654
6370.17 1438.1035 1389.538 4.594408 7.7938733
6373.7456 1429.0302 1383.1326 4.97644 7.7710147
6377.3213 1424.636 1379.9348 4.242474 7.7569127
6380.897 1425.6554 1380.4556 4.424659 7.7602897
6384.4727 1431.2953 1386.9633 4.5057263 7.776003
6388.0483 1426.8285 1381.5757 4.639488 7.764385
6391.624 1428.5089 1381.8412 4.248533 7.7670503
6395.2 1433.787 1387.5459 4.1254563 7.781001
6398.776 1421.1573 1374.79 4.1767564 7.7472987
6402.3516 1422.9794 1376.0797 3.276858 7.748975
6405.9272 1402.7783 1357.8485 3.9715812 7.696964
6409.503 1405.5828 1360.245 4.12945 7.7048435
6413.0786 1412.1873 1369.1294 3.6795669 7.721821
6416.6543 1424.2257 1377.7112 4.025524 7.7549953
6420.23 1406.8108 1361.2942 3.717119 7.7073154
6423.806 1401.8549 1355.7659 4.5230937 7.6963315
6427.382 1416.173 1368.8672 3.9572566 7.7327933
6430.9575 1404.1044 1359.6803 3.789615 7.700417
6434.533 1401.8918 1356.355 3.5686045 7.6935945
6438.109 1403.4358 1358.2218 4.0780783 7.699359
6441.6846 1407.2657 1361.3143 3.7219906 7.708481
6445.2603 1399.9753 1354.4032 3.6946092 7.6887884
6448.8364 1394.9539 1350.5221 4.075455 7.6765866
6452.412 1389.2422 1342.0663 3.7799249 7.6600237
6455.988 1380.024 1334.6309 4.080326 7.6358175
6459.5635 1396.5277 1350.0499 4.0901585 7.6807613
6463.139 1372.1422 1327.9941 4.06108 7.6146455
6466.715 1378.6279 1332.977 4.126135 7.632095
6470.2905 1364.039 1318.9946 4.392074 7.593377
6473.866 1362.3027 1319.5962 3.7734082 7.5870767
6477.4424 1374.4158 1328.953 3.4623253 7.6186357
6481.018 1358.6455 1312.3285 3.9526517 7.5765886
6484.5938 1365.2157 1319.9778 4.791097 7.5979395
6488.1694 1370.3817 1327.1953 3.8364916 7.6094937
6491.745 1347.6747 1302.7352 3.8070238 7.54649
6495.321 1349.7102 1303.0217 4.273658 7.5537653
6498.8965 1349.4832 1302.3264 3.7208266 7.551061
6502.4727 1343.1755 1299.4873 4.614888 7.53708
6506.0483 1341.8672 1295.0398 4.729439 7.533412
6509.624 1337.5413 1291.8625 4.5447764 7.5211115
6513.1997 1335.3839 1287.4615 3.1947842 7.509871
6516.7754 1333.3505 1288.1355 3.554218 7.50641
6520.351 1321.2957 1275.7504 4.1948466 7.4743724
6523.927 1306.4075 1263.4365 3.943866 7.4322176
6527.5024 1321.9597 1275.7078 4.0307355 7.4757924
6531.0786 1311.4452 1265.632 4.0086794 7.446593
6534.6543 1318.1954 1271.6577 3.899554 7.4649234
6538.23 1308.8319 1261.4026 4.132208 7.4397182
6541.8057 1289.5577 1242.1294 3.7065477 7.384202
6545.3813 1273.7233 1229.1439 4.0341654 7.3406887
6548.957 1270.811 1225.2684 2.5792248 7.32708
6552.5327 1252.2201 1208.42 4.349619 7.280653
6556.109 1193.5692 1148.927 3.951556 7.1083794
6559.6846 1149.2595 1108.7826 3.9151714 6.978007
6563.2603 1079.4067 1042.7753 3.6271563 6.7654305
6566.836 1041.4816 1002.5484 4.203401 6.648239
6570.4116 1056.6178 1018.58136 4.3078756 6.696946
6573.9873 1121.017 1083.0933 4.23817 6.8948574
6577.563 1181.8533 1138.5386 3.30244 7.072327
6581.1387 1229.7275 1186.595 4.486892 7.21662
6584.715 1228.5668 1183.6273 3.987122 7.211213
6588.2905 1256.5251 1212.2737 4.1327057 7.2925906
6591.866 1250.2184 1202.8729 3.4693434 7.2714696
6595.442 1249.2909 1204.179 4.249683 7.272018
6599.0176 1275.3256 1229.0724 3.6083894 7.3443513
6602.5933 1269.7911 1223.3593 3.2369514 7.3272424
6606.169 1271.8256 1226.9528 3.557668 7.334282
6609.745 1284.2848 1236.9187 4.3295946 7.372107
6613.321 1268.8787 1220.3644 3.9598544 7.326649
6616.8965 1264.9327 1219.34 3.5708973 7.3147197
6620.472 1279.3308 1232.4901 3.629672 7.355568
6624.048 1271.6755 1225.778 3.6308565 7.3339624
6627.6235 1256.0653 1211.7023 3.7653058 7.290388
6631.199 1249.4315 1204.122 4.2862577 7.2727532
6634.775 1259.4598 1212.6793 3.7534585 7.299587
6638.351 1263.2966 1216.1749 3.892445 7.3110833
6641.927 1256.3319 1209.1913 4.2151823 7.2927685
6645.5024 1259.1652 1210.6176 3.8769393 7.2990794
6649.078 1249.63 1200.881 3.4132502 7.269723
6652.654 1258.2139 1211.7234 3.5524597 7.2957215
6656.2295 1240.6433 1194.9789 3.5969155 7.2458005
6659.805 1247.5608 1200.4912 3.6223183 7.26559
6663.3813 1243.4149 1196.9044 3.8109086 7.254381
6666.957 1241.7743 1196.6877 4.4048223 7.252181
6670.5327 1226.7539 1178.261 3.8383567 7.2060847
6674.1084 1231.4451 1183.8698 4.0146503 7.2203975
6677.684 1239.0289 1192.3694 3.6444998 7.2409477
6681.26 1229.5991 1181.7307 4.4470077 7.216155
6684.8354 1233.1986 1185.0073 3.4119089 7.2232876
6688.411 1238.2047 1191.4078 4.015459 7.2401085
6691.9873 1219.1077 1173.2014 3.5202155 7.1835175
6695.563 1211.6665 1163.2955 4.306712 7.1647167
6699.1387 1217.5593 1169.726 4.396014 7.181603
6702.7144 1228.3854 1179.275 4.2811203 7.2121997
6706.29 1214.1111 1170.4854 4.5090175 7.1734123
6709.8657 1212.0685 1164.7498 3.27796 7.1617904
6713.4414 1210.3496 1163.8489 3.4390864 7.1579056
6717.0176 1200.0388 1152.595 3.8747115 7.1291738
6720.5933 1204.9275 1156.6396 4.351906 7.1452355
6724.169 1196.8892 1149.6792 4.1448464 7.1207337
6727.7446 1207.1709 1159.427 3.8941638 7.149987
6731.3203 1215.7441 1170.6117 3.7348871 7.174943
6734.896 1202.9106 1158.074 4.2171474 7.1398306
6738.4717 1184.5623 1140.3676 3.7587981 7.0833755
6742.0474 1202.0114 1156.7357 3.4304426 7.1335583
6745.6235 1189.305 1141.6755 3.2020822 7.0954027
6749.199 1179.72 1129.0524 3.9332623 7.0694985
6752.775 1178.7798 1130.0684 4.0626054 7.0672345
6756.3506 1191.5068 1144.7806 3.5906134 7.1034465
6759.9263 1180.8783 1135.3545 3.4068236 7.0716863
6763.502 1191.6206 1146.491 4.071495 7.106017
6767.0776 1185.2612 1138.0594 3.100812 7.0835743
6770.6533 1175.0725 1128.5778 4.3234797 7.057885
6774.2295 1175.4711 1127.3634 3.7508771 7.0565667
6777.805 1170.0773 1123.6505 3.7454526 7.041056
6781.381 1184.0785 1135.9875 3.3961563 7.080743
6784.9565 1187.0441 1140.7435 3.654298 7.0906653
6788.532 1175.0074 1125.8945 3.572164 7.054138
6792.108 1169.6711 1123.5168 2.8835194 7.036175
6795.6836 1165.7661 1120.9523 3.4460502 7.0276732
6799.26 1153.9208 1111.0597 3.4298823 6.992907
6802.8354 1164.03 1115.8854 3.2189727 7.020922
6806.411 1152.5355 1104.7092 4.041731 6.989718
6809.987 1156.8102 1107.1343 4.082414 7.0027847
6813.5625 1156.1464 1108.7478 3.3116734 6.9982376
6817.138 1160.0948 1111.2714 3.7820573 7.011462
6820.714 1156.1063 1106.2156 3.223419 6.997181
6824.2896 1149.1472 1101.1263 4.797903 6.9831557
6827.8657 1139.43 1091.0045 4.559021 6.9527764
6831.4414 1137.3392 1091.0925 4.385487 6.946084
6835.017 1135.0568 1088.0914 4.30653 6.939003
6838.593 1138.4271 1092.7023 4.1267743 6.948949
6842.1685 1117.5419 1073.4814 3.6975894 6.8838205
6845.744 1134.1919 1089.1764 3.962363 6.9357257
6849.32 1127.0531 1078.0546 3.6402154 6.9119105
6852.896 1125.3574 1079.2183 3.9310102 6.9084706
6856.4717 1113.0132 1066.4543 4.2859325 6.872329
6860.0474 1112.3197 1066.0144 3.5525227 6.8676157
6863.623 1044.7235 1004.9008 4.138293 6.66151
6867.1987 929.42303 891.6269 4.1108947 6.2907505
6870.7744 853.8527 813.5715 3.4587119 6.0301065
6874.35 847.2448 808.2828 3.6028812 6.0081716
6877.926 911.3993 871.1786 3.393588 6.2265267
6881.502 981.0052 937.21747 3.591762 6.4569016
6885.0776 987.8884 945.64014 3.8435233 6.480003
6888.6533 977.54114 934.4428 3.1985924 6.443578
6892.229 953.66815 914.42633 3.7423344 6.3687687
6895.8047 947.05396 908.3742 3.6490111 6.3465843
6899.3804 969.20306 930.43506 3.3854153 6.417953
6902.956 996.6776 955.0741 4.1172633 6.5097556
6906.532 1010.0302 964.726 4.3523397 6.5525694
6910.108 1015.5434 970.0815 3.7612307 6.5677366
6913.6836 1021.30194 978.3471 3.308588 6.5840855
6917.2593 1043.6813 998.70013 3.422089 6.655503
6920.835 1045.5752 1000.0676 3.4351437 6.6613574
6924.4106 1051.4785 1006.2228 4.154103 6.6829925
6927.9863 1040.0985 996.26294 4.163658 6.6475573
6931.562 1045.6415 1000.41986 3.834121 6.663744
6935.138 1044.3839 997.25793 4.3229375 6.661439
6938.714 1038.462 994.71295 4.837621 6.645486
6942.2896 1043.9525 1000.1109 4.254492 6.6601357
6945.865 1055.6125 1011.79175 4.096617 6.6964054
6949.441 1056.3112 1009.3788 4.3810363 6.6992784
6953.0166 1055.1782 1005.726 4.2054963 6.6950517
6956.5923 1059.4213 1013.50604 4.4028573 6.7097445
6960.1685 1046.4542 1000.0848 3.6917348 6.6657376
6963.744 1060.6931 1013.87164 3.602286 6.709726
6967.32 1059.9565 1012.30316 4.096485 6.7096257
6970.8955 1064.9893 1019.52246 4.052328 6.7255735
6974.471 1071.1948 1022.8162 3.6384258 6.7425504
6978.047 1049.2592 1001.7442 3.8876433 6.675394
6981.6226 1055.5204 1008.73486 4.283811 6.6966534
6985.198 1030.8745 983.31537 4.5107718 6.6205006
6988.7744 1035.3208 988.5105 4.0972824 6.632579
6992.35 1042.4236 995.115 4.0137963 6.6544485
6995.926 1049.2446 1002.2324 4.398556 6.6779714
6999.5015 1039.4772 992.84094 4.0888658 6.6462827
7003.077 1040.4784 995.0916 4.2815604 6.6501384
7006.653 1031.5854 985.9441 4.660856 6.6237307
7010.2285 1023.9945 978.41754 4.1281786 6.5977993
7013.8047 1046.7744 1000.2317 3.4596932 6.666556
7017.3804 1032.4939 987.33105 3.9325159 6.6234026
7020.956 1019.18414 973.4735 3.7155845 6.580207
7024.5317 1035.6996 987.87006 3.388488 6.6310625
7028.1074 1035.7686 987.0906 3.3181338 6.631392
7031.683 1030.3625 983.68695 3.8749585 6.6170387
7035.259 1021.69904 975.5324 3.7130585 6.58845
7038.8345 1018.208 970.4253 4.0426083 6.5788727
7042.4106 1017.69415 970.69073 3.9752672 6.577251
7045.9863 1017.2867 972.7552 4.0882545 6.5770454
7049.562 1020.6592 973.58405 3.6416116 6.584982
7053.1377 1010.39703 963.21735 3.8526733 6.553634
7056.7134 1004.7185 960.88025 4.110866 6.5375004
7060.289 1013.0468 966.9555 4.124521 6.56314
7063.8647 1008.185 961.2599 4.0597825 6.547585
7067.441 1007.61676 961.88226 3.8333125 6.54519
7071.0166 1004.85016 957.277 3.906924 6.5362644
7074.5923 1013.5075 968.04987 3.8272336 6.563751
7078.168 1005.66986 959.8986 3.8645427 6.53911
7081.7437 1010.813 964.013 3.5622244 6.5539436
7085.3193 1011.26917 963.6276 3.5414906 6.554529
7088.895 1007.19403 964.5332 4.126195 6.5455422
7092.4707 1002.2389 955.8632 3.3760517 6.5253816
7096.047 994.6336 951.65283 4.1029487 6.505122
7099.6226 999.0126 953.88983 4.324998 6.52038
7103.198 987.35834 938.9487 3.887398 6.479383
7106.774 992.5599 946.4668 3.7977111 6.496375
7110.3496 991.2897 944.0872 3.9424772 6.493203
7113.9253 986.4714 941.43506 4.4980335 6.4806623
7117.501 985.2598 944.18445 3.7947152 6.474229
7121.077 987.34174 941.6149 3.621599 6.479571
7124.653 979.793 934.4178 4.298475 6.4585385
7128.2285 979.1719 934.67444 3.8685355 6.454466
7131.804 980.1062 934.3609 4.019304 6.45826
7135.38 982.6866 937.9409 4.3757415 6.4685874
7138.9556 972.57135 925.3939 4.153631 6.4336605
7142.5312 970.848 922.71515 3.998353 6.4274874
7146.107 988.4228 938.1675 3.9698622 6.483883
7149.683 977.53217 930.20087 3.9101825 6.448853
7153.259 960.71436 915.719 3.7834136 6.3943005
7156.8345 957.40515 912.1136 3.7222564 6.3829536
7160.41 944.3642 900.8821 3.7057636 6.3405704
7163.986 929.9932 885.6851 3.9860103 6.2940288
7167.5615 925.0935 881.9346 3.7138343 6.277096
7171.137 903.5983 862.69214 3.6651232 6.205692
7174.7134 894.2644 852.6292 3.9304552 6.174547
7178.289 893.74304 851.47876 4.0345955 6.1732483
7181.8647 892.449 849.9881 3.6506875 6.1672997
7185.4404 891.89435 848.9307 3.7599242 6.1657634
7189.016 891.5152 847.22144 3.6696513 6.1637177
7192.592 888.97595 846.29 3.203822 6.1534204
7196.1675 893.0083 851.6621 3.8750818 6.1706595
7199.743 905.0679 860.10925 3.974004 6.211102
7203.3193 910.0928 867.12665 3.3801205 6.2257395
7206.895 930.3105 888.85925 3.6381092 6.294487
7210.4707 933.7456 888.1707 3.6974208 6.3050113
7214.0464 921.71796 876.2538 3.8543582 6.266039
7217.622 923.094 880.41284 3.4211097 6.2693477
7221.1978 914.0919 869.5219 3.6418834 6.2398195
7224.7734 900.3108 857.035 4.8089914 6.1992717
7228.349 901.6849 858.1212 4.775035 6.2037725
7231.9253 892.309 849.48315 4.8990116 6.172733
7235.501 888.4428 844.1429 4.9845395 6.1601496
7239.0767 888.36096 844.29175 4.437048 6.158404
7242.6523 893.38837 850.7039 4.2535176 6.1747675
7246.228 878.7933 836.4222 3.900309 6.1228437
7249.8037 879.7397 835.1531 3.9730089 6.1263685
7253.3794 882.464 840.5971 3.5392094 6.134245
7256.9556 877.54694 835.87976 4.108909 6.1200175
7260.5312 888.28735 844.46106 4.024278 6.1551123
7264.107 880.96423 838.2006 3.9625075 6.1311584
7267.6826 867.2042 824.6493 5.293276 6.0896444
7271.2583 881.83276 834.428 5.0117593 6.1371627
7274.834 876.91797 832.0311 4.98096 6.121086
7278.4097 881.5576 835.0601 3.679422 6.1306124
7281.9854 885.6064 839.0522 3.7680805 6.1449094
7285.5615 866.8186 827.43695 4.4644184 6.0853715
7289.137 880.0653 838.0993 3.7180803 6.1266828
7292.713 873.5301 832.3514 3.703785 6.1042266
7296.2886 865.6106 824.4545 3.648963 6.0766835
7299.8643 875.8473 832.3328 4.0683236 6.112786
7303.44 882.4067 837.13635 3.8037739 6.1344805
7307.0156 870.8067 826.6208 4.4518113 6.0983005
7310.592 880.4875 836.0023 4.83469 6.1333394
7314.1675 889.4266 845.24316 4.0976434 6.1608
7317.743 880.77924 836.8129 3.4040296 6.127903
7321.319 876.0227 835.1272 4.533962 6.117452
7324.8945 870.41174 828.14594 4.8591504 6.0994396
7328.47 872.8869 827.66345 4.604226 6.106061
7332.046 878.2118 833.27826 4.528595 6.124058
7335.6216 882.0699 836.9661 4.099487 6.135023
7339.1978 876.1916 828.534 4.463078 6.1169696
7342.7734 870.1966 826.0595 3.1081893 6.089945
7346.349 873.89667 829.9411 3.3743327 6.10377
7349.925 868.76874 825.0759 3.5007503 6.0874767
7353.5005 855.1509 814.0556 3.6203227 6.042076
7357.076 858.6179 819.18176 4.175926 6.0567975
7360.652 861.4491 818.90607 4.1833143 6.0665765
7364.228 855.97095 815.8358 4.4305406 6.0487905
7367.8037 857.57294 820.04156 3.8779871 6.0526032
7371.3794 848.21967 808.7216 4.059716 6.0211453
7374.955 845.247 804.4765 4.139855 6.010589
7378.531 848.3648 800.25745 3.8658419 6.0181184
7382.1064 847.76733 805.40564 3.9070978 6.0174704
7385.682 851.465 812.8683 4.212208 6.0329437
7389.258 850.9761 808.5525 4.093631 6.0291963
7392.834 846.7918 802.7152 4.1724057 6.0155334
7396.4097 853.7587 810.5998 3.9721756 6.0383296
7399.9854 845.5141 803.5679 3.2143788 6.006448
7403.561 844.44055 803.0338 3.0995684 6.0022526
7407.1367 841.65265 798.2192 4.0693417 5.997533
7410.7124 849.49866 802.8888 3.4257102 6.021266
7414.288 847.99005 800.78143 4.603204 6.021824
7417.8643 848.3124 799.608 3.3734872 6.016425
7421.44 837.08307 796.6932 3.40611 5.9780674
7425.0156 834.0436 793.2599 3.9656625 5.9701214
7428.5913 832.5394 788.82623 3.462427 5.9624887
7432.167 838.41846 796.62494 3.8388531 5.984688
7435.7427 840.7392 795.4321 3.5216382 5.9913497
7439.3184 833.66626 787.435 3.6447942 5.9673314
7442.894 831.6444 785.3524 3.6125896 5.960063
7446.47 824.533 784.0442 4.018661 5.93845
7450.046 827.81177 782.33264 3.2198224 5.945332
7453.6216 815.2756 775.65454 3.7497568 5.903992
7457.1973 822.85223 780.3578 4.12212 5.934099
7460.773 827.93475 783.79224 3.8258586 5.9509997
7464.3486 807.4531 767.76355 3.6539428 5.8781614
7467.9243 816.65875 771.6466 3.117866 5.9070363
7471.5005 827.2373 781.32904 3.9893467 5.948714
7475.076 809.7605 771.5337 3.7098317 5.8868136
7478.652 807.25854 769.3106 3.382752 5.876791
7482.2275 815.9739 776.12775 3.4253483 5.908395
7485.803 806.2577 766.92816 3.4229696 5.8736277
7489.379 807.49713 765.6575 3.3032706 5.8769975
7492.9546 806.7437 765.6907 3.0086536 5.872868
7496.5303 786.94855 750.0262 2.7367218 5.8009357
7500.1064 801.3603 760.3903 3.032115 5.8539605
7503.682 797.115 758.2446 4.025469 5.843442
7507.258 797.97217 760.2924 3.8406477 5.8463006
7510.8335 812.4915 771.1621 3.6811042 5.897649
7514.409 795.9322 756.0724 3.447905 5.8370376
7517.985 790.8889 748.4125 3.4189873 5.819319
7521.5605 789.7348 751.224 3.3316722 5.815871
7525.1367 791.82886 756.2912 3.0198154 5.820796
7528.7124 788.37024 751.28577 3.0608227 5.8087997
7532.288 770.5925 734.15375 3.1411877 5.7438345
7535.864 769.8048 734.09436 3.621622 5.7424808
7539.4395 773.9019 737.6098 3.660921 5.7590413
7543.015 779.72473 741.6776 2.9855785 5.7749476
7546.591 770.1163 729.6292 3.2297091 5.7399855
7550.1665 766.0445 724.97797 3.638297 5.7281046
7553.7427 773.9162 732.08356 3.3847456 5.7556553
7557.3184 776.8996 737.29034 3.6087465 5.76741
7560.894 774.0089 735.3756 3.5085976 5.756478
7564.4697 770.84625 731.126 3.1664882 5.744324
7568.0454 763.1815 723.07806 3.2966652 5.7163725
7571.621 711.80743 675.3556 3.5373573 5.526571
7575.197 611.20416 575.0989 3.234289 5.1320834
7578.773 457.26544 429.53836 3.0777383 4.453521
7582.3486 307.97412 294.86862 3.329405 3.6940513
7585.9243 227.86418 221.68053 3.0711157 3.199428
7589.5 216.29036 210.83946 2.786421 3.1227016
7593.0757 283.92303 269.0677 3.320495 3.5458329
7596.6514 392.0587 372.45303 3.3810697 4.1423483
7600.227 474.20508 449.85107 3.0058367 4.537491
7603.8027 492.55453 463.0515 3.5061862 4.6242595
7607.379 449.12186 423.56595 3.3902988 4.4212728
7610.9546 405.87802 382.96277 3.4229505 4.2127934
7614.5303 404.24478 381.77423 3.2844825 4.202598
7618.106 417.92496 394.4167 2.9507055 4.268538
7621.6816 443.32678 419.80402 3.396013 4.39411
7625.2573 479.53378 455.24384 2.5691056 4.5602174
7628.833 509.02155 481.55368 2.6189556 4.693703
7632.409 540.13196 510.00977 2.743493 4.832514
7635.985 578.35065 546.607 2.5159261 4.993135
7639.5605 614.0017 577.8255 3.2826731 5.1455584
7643.136 623.8777 588.1492 3.576774 5.1872463
7646.712 642.5984 609.502 3.0741448 5.2596846
7650.2876 658.60876 624.183 1.8778075 5.316093
7653.8633 662.43555 632.50006 2.8301191 5.3372216
7657.439 692.6432 654.15216 3.3384612 5.456439
7661.015 699.638 658.64606 3.4235256 5.4812517
7664.591 703.03485 663.7015 2.8356104 5.492382
7668.1665 701.2773 661.7246 3.601346 5.4887104
7671.742 706.29016 665.5158 3.271795 5.5057015
7675.318 709.1014 673.0968 2.1703997 5.512103
7678.8936 715.61993 678.77 2.7287834 5.539456
7682.469 724.4331 685.0814 2.8367307 5.5730314
7686.045 713.3201 679.4568 3.4112754 5.535067
7689.621 715.95575 678.3801 4.602006 5.553358
7693.197 708.4494 669.714 5.190244 5.529327
7696.7725 711.6644 674.5384 4.6100507 5.5371943
7700.348 705.4078 668.06195 4.7733254 5.516078
7703.924 709.229 668.0569 4.469952 5.528598
7707.4995 711.973 669.7655 3.3975704 5.5317955
7711.075 707.16925 669.13086 3.9346845 5.518183
7714.6514 702.3041 661.1544 3.834197 5.49715
7718.227 700.1841 663.57697 3.1595721 5.486367
7721.8027 700.867 661.68024 3.330743 5.489251
7725.3784 711.79407 674.3919 4.575465 5.538679
7728.954 703.5581 669.49457 5.4307632 5.512884
7732.53 705.40704 667.629 4.626036 5.5157404
7736.1055 702.11755 660.95386 4.8437023 5.5032783
7739.681 710.36224 671.89404 4.2086763 5.5318003
7743.2573 689.1564 655.7976 3.5974028 5.4474864
7746.833 699.04956 660.4058 3.5770555 5.483922
7750.4087 676.9796 645.8798 3.5030131 5.400317
7753.9844 679.0852 647.0891 4.2713675 5.4137883
7757.56 693.1282 653.4705 3.7261658 5.463477
7761.1357 685.0003 649.2893 3.8122423 5.430339
7764.7114 689.3598 656.7803 3.5685651 5.447671
7768.2876 684.6323 649.04364 4.58812 5.4334903
7771.8633 687.5946 649.67 4.2685466 5.443014
7775.439 667.7775 637.8565 4.3883986 5.3688717
7779.0146 675.99164 640.5592 4.7578735 5.401145
7782.5903 671.58295 640.9402 3.9246194 5.3804274
7786.166 669.70953 630.25934 3.8098798 5.3696027
7789.7417 676.4263 637.27673 3.501597 5.3954787
7793.3174 676.46875 634.82086 3.9193404 5.3967876
7796.8936 659.8946 626.28516 4.0118537 5.3344045
7800.469 661.7903 624.4338 3.4775748 5.3377666
7804.045 667.69324 627.9198 3.371761 5.3610835
7807.6206 654.8798 621.4302 4.3459244 5.3175783
7811.1963 658.6857 622.86145 3.0202127 5.3243446
7814.772 657.9599 625.71173 2.7622902 5.3207827
7818.3477 652.0781 620.72473 3.7899432 5.3050423
7821.924 651.95386 617.1478 2.9079328 5.2981915
7825.4995 655.03253 615.8132 3.5187037 5.313959
7829.075 654.56494 618.11035 3.834018 5.3147974
7832.651 648.3194 612.17755 4.0193586 5.290814
7836.2266 648.454 610.2007 4.239432 5.292045
7839.8022 647.98047 611.8267 4.1699266 5.2916765
7843.378 651.8623 618.269 4.0305467 5.305372
7846.9536 652.40594 617.2473 3.5333858 5.3032613
7850.53 654.5116 614.9245 3.4576154 5.3102345
7854.1055 640.81885 603.6412 3.7129169 5.2575445
7857.681 628.0692 597.14764 3.5935247 5.2077637
7861.257 639.3428 604.8478 3.6760619 5.252758
7864.8325 644.776 603.64294 4.079834 5.2766757
7868.408 639.6315 599.39056 4.008193 5.2546215
7871.984 629.3257 593.60846 4.0057697 5.2150183
7875.56 633.4695 596.42816 4.1692586 5.2336416
7879.1357 635.66785 595.9707 3.3195245 5.236774
7882.7114 637.37054 602.48004 3.3234496 5.244875
7886.287 634.63464 595.3138 5.015443 5.2423377
7889.863 636.1326 598.50183 4.1604505 5.2452426
7893.4385 637.9132 601.9433 4.3231373 5.257126
7897.014 629.01996 588.95386 4.2599964 5.2185388
7900.59 638.2168 600.7175 3.421538 5.248065
7904.166 627.0361 591.36743 3.4324322 5.2042403
7907.7417 632.9278 592.1092 3.3070862 5.225449
7911.3174 622.34576 583.57874 3.3717673 5.1840935
7914.893 638.1986 597.74994 4.138803 5.254049
7918.4688 631.3145 593.5748 2.6192744 5.216192
7922.0444 624.12317 584.8699 3.5336313 5.194608
7925.62 619.2189 584.8515 3.592657 5.1765676
7929.1963 627.0863 590.7991 2.8413792 5.2052393
7932.772 621.1922 585.8982 3.0359468 5.1835375
7936.3477 616.0051 578.78687 3.7622569 5.165905
7939.9233 618.37134 579.62805 3.1814187 5.171137
7943.499 611.2596 574.4488 3.8441825 5.1450872
7947.0747 620.97906 582.13806 3.2599647 5.1796594
7950.6504 616.7958 576.36896 4.176397 5.168711
7954.226 615.25824 579.81726 3.9961083 5.1611743
7957.8022 612.65625 574.724 3.11268 5.1446643
7961.378 619.9696 580.2339 3.0498753 5.1749654
7964.9536 616.83954 579.2561 3.550359 5.1660247
7968.5293 611.39996 574.7103 3.526619 5.1433625
7972.105 607.4632 567.66516 3.408838 5.1244755
7975.6807 604.75214 564.46 3.8927727 5.1164804
7979.2563 611.08575 570.7299 3.5122705 5.1401987
7982.8325 601.445 561.6762 2.980413 5.0975876
7986.408 597.6811 558.70245 2.8844345 5.082063
7989.984 608.0043 567.7316 3.0849175 5.1260657
7993.5596 601.89484 562.6385 3.440843 5.103455
7997.1353 593.07104 555.5723 3.55094 5.0681996
8000.711 596.5603 562.36536 3.7890413 5.0867586
8004.2866 595.0678 561.7893 3.8874028 5.0812078
8007.8623 588.4518 551.688 3.592605 5.0505238
8011.4385 590.86505 554.4091 3.492958 5.0605683
8015.014 585.0328 545.81415 3.7884238 5.036856
8018.59 590.4649 549.7396 2.7304194 5.052242
8022.1655 598.48706 557.3877 2.5678582 5.0842524
8025.741 590.97107 553.4056 3.9647763 5.0648546
8029.317 585.88916 543.9566 3.1848507 5.036233
8032.8926 584.2863 544.6467 3.6337466 5.032689
8036.4688 582.66205 547.8966 2.9618783 5.0231543
8040.0444 578.93964 538.8911 2.9262052 5.0055156
8043.62 580.3298 542.2869 3.6037037 5.016506
8047.196 587.8756 545.3908 3.0962915 5.0444374
8050.7715 572.0222 529.9787 2.7315178 4.9744864
8054.347 589.3318 547.34235 2.823222 5.0483193
8057.923 576.11865 539.46906 2.787447 4.9925137
8061.4985 568.235 532.3432 2.6653035 4.960912
8065.0747 573.6929 537.0651 2.9755316 4.9852242
8068.6504 569.6943 530.88995 2.4554539 4.9660997
8072.226 575.18994 536.1375 2.536734 4.989744
8075.802 577.7258 537.80005 3.1242535 5.004133
8079.3774 571.599 531.6726 2.668699 4.9758315
8082.953 568.9164 525.8998 2.5821772 4.962028
8086.529 564.9584 523.5747 2.88217 4.9480677
8090.105 566.46954 526.903 2.562385 4.9520593
8093.6807 572.8357 531.0118 3.1962457 4.982284
8097.2563 564.60266 526.7623 3.0359282 4.947722
8100.832 554.9619 520.10126 2.4644353 4.904056
8104.4077 552.87714 516.7745 2.867277 4.8979707
8107.9834 549.2386 511.5874 2.4532843 4.8788204
8111.559 544.46484 508.0059 2.8384001 4.862499
8115.135 535.6432 503.575 2.3096788 4.820776
8118.711 541.8021 503.22983 2.3883872 4.847091
8122.2866 534.6906 499.25543 2.641657 4.8180304
8125.8623 535.6994 497.60974 3.146151 4.8264666
8129.438 528.0557 488.4006 2.5645635 4.7883277
8133.0137 528.2048 492.6798 2.1820884 4.7874656
8136.5894 521.6562 482.63965 2.7450554 4.76181
8140.165 512.85364 476.6549 2.8103838 4.724133
8143.7407 522.10406 481.93857 3.2453914 4.7660193
8147.317 516.0592 480.96594 2.982413 4.7400126
8150.8926 518.6975 484.33725 2.398908 4.749027
8154.4683 513.2084 477.58783 2.013197 4.7204356
8158.044 516.6143 481.16925 3.2151294 4.7464952
8161.6196 520.3822 476.48865 2.6942885 4.757042
8165.1953 518.506 479.48282 2.6038969 4.74865
8168.771 520.97644 483.30643 2.4451811 4.7577205
8172.347 519.3162 476.13126 2.351436 4.749549
8175.923 523.359 484.94183 2.2682652 4.7690015
8179.4985 526.58154 497.02045 2.4181478 4.7869544
8183.074 518.8487 488.34384 2.973817 4.7570314
8186.65 514.06506 479.0215 2.6832092 4.7336097
8190.2256 517.43665 482.85794 2.3842487 4.748486
8193.802 518.9947 481.84857 2.4859827 4.7544365
8197.377 504.9216 467.54355 2.935374 4.695207
8200.953 489.31134 455.42743 2.8860276 4.6232767
8204.528 474.53583 441.25256 2.5411263 4.5551896
8208.1045 487.54126 446.12128 2.4074717 4.61098
8211.681 492.34686 457.5445 3.0184348 4.637219
8215.256 499.63882 461.98428 2.7454417 4.6668186
8218.832 498.0129 463.24985 3.2639575 4.6634445
8222.407 499.52808 465.41888 2.4023573 4.6669297
8225.983 507.33203 469.78564 3.1519094 4.7076807
8229.559 500.50763 467.70227 2.971494 4.676224
8233.135 499.27997 465.96185 2.833883 4.6728683
8236.71 520.59314 475.93033 2.4969544 4.7602677
8240.286 502.6505 466.3596 2.4972963 4.679386
8243.862 500.49484 468.14853 2.4912407 4.672339
8247.4375 502.81854 463.72906 2.765727 4.682811
8251.014 497.9665 457.08298 2.7316754 4.660157
8254.589 496.9344 454.8177 2.9020565 4.658043
8258.165 495.4807 454.94687 3.561079 4.6568213
8261.74 496.99683 457.7333 3.6175673 4.662819
8265.316 490.9948 450.43286 3.8899517 4.6374564
8268.893 490.57065 452.64508 4.4084897 4.6411095
8272.468 491.3707 452.46857 4.2092476 4.6425548
8276.044 503.0691 465.09943 3.7950168 4.692929
8279.619 500.65826 460.0273 4.246469 4.6842027
8283.195 496.5429 455.95847 3.2011383 4.656801
8286.7705 491.5665 452.38055 3.1992705 4.636247
8290.347 485.72296 442.03888 3.2247553 4.6080084
8293.923 484.77448 447.7608 3.0649052 4.604761
8297.498 475.93396 438.47006 3.117619 4.5646887
8301.074 476.2834 442.2163 2.8354187 4.5642867
8304.649 477.3849 442.18054 3.0094793 4.5710077
8308.226 475.36163 439.31085 2.4670691 4.559441
8311.801 471.94067 436.56778 2.296669 4.541693
8315.377 475.34274 434.9233 3.654403 4.5658054
8318.953 470.4467 433.0303 4.1831374 4.547501
8322.528 458.72662 429.8237 4.447698 4.496577
8326.1045 454.853 425.71936 4.704607 4.482603
8329.68 455.5219 424.199 3.9738228 4.4805923
8333.256 456.55338 426.24033 3.6427588 4.4822536
8336.831 459.42093 425.5282 3.3697512 4.494208
8340.407 467.08728 428.69913 3.1435993 4.5262456
8343.982 462.3768 430.8544 2.4942198 4.501399
8347.559 475.23315 433.933 3.001488 4.562934
8351.135 464.94836 428.2738 2.3928342 4.5110464
8354.71 464.14728 423.4742 2.4798412 4.50875
8358.286 473.50995 434.9213 2.6805887 4.5526824
8361.861 471.95633 433.57574 3.0338025 4.549711
8365.4375 474.99237 435.96793 2.8153455 4.5624332
8369.013 468.08914 431.1631 3.5434368 4.536317
8372.589 470.72787 428.90182 3.721901 4.5482454
8376.165 470.4068 431.4346 3.706323 4.5476336
8379.74 467.55698 430.22122 4.1305203 4.536859
8383.316 458.4481 423.2066 4.0647306 4.4946737
8386.892 457.60825 422.19833 3.4002433 4.4879365
8390.468 469.86438 427.99573 2.9683554 4.5409036
8394.043 465.12296 425.85284 3.109316 4.519859
8397.619 463.36102 425.47635 3.320543 4.5125628
8401.195 467.37207 429.8901 3.4436712 4.534454
8404.7705 464.09378 424.94077 3.764338 4.521329
8408.347 462.55984 424.25104 4.2377357 4.517218
8411.922 456.51364 418.43378 3.6869802 4.4847565
8415.498 452.62576 414.6901 3.9142897 4.468865
8419.073 453.9471 420.4917 3.0899837 4.4697523
8422.649 449.83936 419.79617 2.2779222 4.44442
8426.225 456.9335 415.55667 2.238607 4.4745364
8429.801 452.88754 417.4903 2.8352454 4.4607916
8433.377 465.54517 422.10654 2.453549 4.5146885
8436.952 460.7848 415.71075 3.2686963 4.498407
8440.528 446.16495 408.64575 3.7174952 4.4367332
8444.104 454.26608 413.84854 3.0511477 4.4701095
8447.68 453.53314 414.33478 3.2779682 4.467986
8451.255 445.15128 408.48193 3.3170009 4.4297967
8454.831 449.18155 412.99127 2.8301823 4.4459143
8458.407 443.9026 409.74713 2.1974795 4.4153647
8461.982 433.54074 397.5263 2.182839 4.364823
8465.559 445.90485 404.3488 2.0892665 4.4220285
8469.134 438.8821 404.02048 2.3278015 4.3936896
8472.71 441.81458 404.06836 2.7059116 4.4112735
8476.285 442.31705 403.41675 2.3815718 4.4091835
8479.861 439.2171 401.3935 3.0391357 4.399483
8483.4375 437.93155 398.56058 2.8163505 4.393161
8487.013 435.43143 398.71664 3.1414483 4.383623
8490.589 432.25153 395.9477 2.9171426 4.365352
8494.164 433.82053 392.76962 2.9031224 4.374062
8497.74 444.1659 400.3227 2.3867745 4.4199023
8501.315 440.93362 401.2049 1.8575567 4.3997483
8504.892 429.83286 390.97772 2.8864784 4.3553705
8508.468 437.46362 393.88504 2.3482876 4.3857102
8512.043 431.19766 395.1347 1.7447261 4.3519735
8515.619 416.25354 385.2789 2.90333 4.293925
8519.194 423.8947 385.99506 2.4061959 4.323863
8522.7705 438.94308 394.39072 2.465922 4.394467
8526.346 424.1236 389.1776 2.5065355 4.3266973
8529.922 432.21286 392.38242 2.630909 4.3654213
8533.497 434.04398 386.407 2.618253 4.3730326
8537.073 424.868 386.53317 3.0412085 4.333553
8540.649 418.3225 379.9396 2.8890953 4.301665
8544.225 417.56122 380.27496 2.1537468 4.2926135
8547.801 418.28387 381.96802 1.8819766 4.2945714
8551.376 416.86362 379.0191 2.0969992 4.2887516
8554.952 422.04355 384.14893 2.2602816 4.315853
8558.527 423.96796 384.5352 2.305374 4.327204
8562.104 411.2025 375.86676 2.3293307 4.2637525
8565.68 410.8826 373.52313 1.9866294 4.2584324
8569.255 413.01627 377.53812 1.6922779 4.2657857
8572.831 414.59668 372.90805 2.6899085 4.282324
8576.406 406.33914 375.21185 2.521611 4.2428737
8579.982 414.21335 370.9316 2.3798308 4.2773814
8583.558 414.9968 380.16934 2.3552845 4.2819147
8587.134 412.1519 373.86932 2.536972 4.2696114
8590.71 404.8774 372.05612 2.7926629 4.238314
8594.285 404.72705 372.78992 3.0788517 4.2412643
8597.861 408.5818 371.12238 3.450871 4.2613854
8601.437 400.72702 363.10794 3.8281043 4.2258615
8605.013 396.91544 358.62726 3.652914 4.2061157
8608.588 401.20557 364.85828 3.5049028 4.224966
8612.164 400.24194 361.15198 3.7537239 4.2214994
8615.74 403.87634 359.6797 3.317443 4.235209
8619.315 395.76428 357.31665 3.6768646 4.201916
8622.892 403.08188 364.87253 2.9617996 4.230189
8626.467 391.0987 357.40494 3.6753337 4.182566
8630.043 397.8544 361.82272 2.8694386 4.206937
8633.618 400.08218 360.3626 3.4876378 4.2226567
8637.194 391.5865 357.85168 3.3402543 4.1799245
8640.77 393.98083 358.19547 3.8491168 4.1930704
8644.346 382.32422 349.20517 4.499591 4.142057
8647.922 380.97287 346.27377 4.3899703 4.1354847
8651.497 394.90588 352.4499 4.1448183 4.200118
8655.073 389.08176 349.96658 3.593961 4.1685348
8658.648 384.97366 347.40747 3.306256 4.146996
8662.225 388.85107 353.23798 3.0948496 4.162513
8665.8 385.11377 353.91925 2.4442358 4.140877
8669.376 390.79785 347.31793 3.166902 4.173231
8672.952 386.89148 351.53503 2.4294968 4.1513567
8676.527 383.06326 346.86188 2.4187944 4.1278133
8680.104 389.4915 351.53207 2.0073528 4.1569033
8683.679 385.35742 346.6948 2.3645675 4.1400976
8687.255 376.7366 338.865 2.9730039 4.100898
8690.83 383.32504 345.94058 2.5983064 4.132347
8694.406 384.22598 348.5842 1.8859111 4.13292
8697.982 379.6264 343.8013 2.2966676 4.1123986
8701.558 380.39786 341.30212 2.5981717 4.117835
8705.134 377.3352 337.90262 1.8512954 4.0965295
8708.709 373.48532 338.1074 1.9948113 4.076951
8712.285 367.48395 336.58173 2.2891438 4.047841
8715.86 372.991 336.6077 2.0162897 4.076417
8719.437 370.17868 334.97614 2.2432868 4.0667534
8723.013 370.35825 335.42477 1.6189181 4.0590086
8726.588 373.6895 332.291 2.0175714 4.0814424
8730.164 362.9945 328.38742 2.9320831 4.0355973
8733.739 351.71695 319.8691 2.3083696 3.9693742
8737.315 360.07663 323.76205 1.9296206 4.0073028
8740.891 368.91885 331.93826 3.0356297 4.06592
8744.467 362.2317 327.15387 3.4158704 4.035279
8748.042 360.74014 325.08557 3.1634655 4.0233073
8751.618 368.8985 330.36996 3.98084 4.0740986
8755.194 369.92 329.2587 4.1735187 4.0809245
8758.77 363.87183 326.9526 3.8369453 4.048197
8762.346 345.5812 317.573 4.906101 3.963025
8765.921 352.7694 320.293 3.7135181 3.990119
8769.497 353.5277 322.5969 3.4012861 3.9923162
8773.072 353.49377 319.10696 2.8947914 3.98412
8776.648 352.13934 316.9326 2.5807567 3.975396
8780.225 350.1783 315.9601 2.4057157 3.963859
8783.8 351.47244 316.13867 2.5204048 3.9724507
8787.376 350.8057 314.08084 3.0961685 3.9748926
8790.951 348.61594 314.05835 2.66357 3.9597635
8794.527 349.5761 315.45062 1.9929849 3.9592824
8798.103 348.51315 312.23108 2.165909 3.9537563
8801.679 345.02594 311.09567 1.6203151 3.929651
8805.255 346.49295 311.96408 1.8998076 3.9402287
8808.83 348.60922 317.10486 2.8313491 3.9626172
8812.406 351.06912 314.47278 4.21309 3.985476
8815.981 347.8975 307.64758 4.0744414 3.9653406
8819.558 340.9971 305.4916 4.8832636 3.940678
8823.133 341.7604 306.15207 5.6077824 3.9522026
8826.709 342.35934 304.0813 4.4248776 3.9412212
8830.284 338.74066 303.96423 2.5843222 3.907774
8833.86 337.7656 306.9862 2.4689748 3.902999
8837.437 337.15228 305.56226 2.6565084 3.8984005
8841.012 335.8972 301.9215 1.923346 3.8849306
8844.588 335.737 300.44568 1.9075954 3.8849573
8848.163 328.5088 295.53354 2.326303 3.8518207
8851.739 321.21014 292.42392 2.973625 3.821163
8855.314 324.64648 293.1511 2.9019358 3.8394885
8858.891 333.40295 295.33115 2.7888935 3.8837981
8862.467 328.22675 293.46024 2.1150148 3.8457172
8866.042 327.45166 296.64038 2.4983876 3.8487713
8869.618 327.80423 294.8539 3.3837974 3.8612516
8873.193 330.07812 289.11917 3.2234294 3.867073
8876.77 327.84128 289.3572 3.231362 3.8559067
8880.345 324.24878 288.39737 3.368591 3.8392518
8883.921 323.86826 288.4524 3.4662244 3.8378375
8887.497 318.55676 286.81525 2.880783 3.8037074
8891.072 316.89023 281.93665 1.5080662 3.778333
8894.648 322.4495 294.44827 2.5373466 3.8256898
8898.224 315.74933 288.79764 2.6349769 3.7912698
8901.8 315.7008 284.25192 2.608889 3.7864606
8905.375 320.612 285.94742 3.329765 3.8223956
8908.951 315.09647 279.11713 3.8502655 3.7933276
8912.527 313.27347 279.82996 4.105746 3.7860382
8916.103 313.54312 281.0871 3.9171968 3.7885618
8919.679 312.68085 279.92853 3.8064077 3.784342
8923.254 310.94147 278.52695 2.5175624 3.759581
8926.83 305.86166 272.3029 1.5848652 3.7188237
8930.405 301.19507 272.90457 2.134593 3.70307
8933.981 303.75122 277.7691 2.5846167 3.7255766
8937.557 304.32788 268.75232 2.6514735 3.7217886
8941.133 293.56415 266.48618 2.13701 3.657422
8944.709 293.1243 263.68518 4.006026 3.6801174
8948.284 297.2608 260.65472 2.5287554 3.6823735
8951.86 283.8868 252.94121 3.1958091 3.613021
8955.436 289.34186 252.96321 2.6509929 3.6356976
8959.012 285.61862 250.73476 2.94601 3.6189272
8962.587 274.67517 245.93788 2.8693244 3.558109
8966.163 274.1672 247.65414 1.7834959 3.543032
8969.739 283.78223 253.87119 1.6391935 3.596732
8973.314 286.40262 250.92778 1.6990695 3.6106055
8976.891 274.3481 242.42003 1.5981044 3.54053
8980.466 265.75693 238.6578 2.455526 3.5050323
8984.042 268.5277 233.6981 2.5265963 3.5183399
8987.617 270.72708 236.19084 2.0399013 3.5241582
8991.193 272.38126 243.33653 3.0074499 3.5471647
8994.77 272.6998 239.87166 2.217301 3.5381527
8998.345 274.51578 244.1904 3.0803194 3.5640934
9001.921 264.53763 235.5884 2.762073 3.4974053
9005.496 265.0474 235.20657 2.6633618 3.500698
9009.072 261.19598 234.22372 1.8949214 3.4683838
9012.647 264.43573 234.59953 1.7800138 3.4848757
9016.224 268.9653 236.3855 1.8461494 3.5136268
9019.8 265.94296 234.10817 1.9864031 3.49962
9023.375 267.71182 234.89456 2.4488564 3.5158913
9026.951 268.7535 239.69412 1.854116 3.5148273
9030.526 269.7376 242.1906 1.7010158 3.5209105
9034.103 274.71582 240.9514 1.9626856 3.5492995
9037.678 272.0989 242.57564 2.109231 3.54173
9041.254 274.1172 242.91582 2.2970886 3.5527396
9044.829 268.43347 238.53362 2.0455399 3.5150328
9048.405 268.48187 233.76878 2.3928988 3.5179117
9051.981 262.0361 232.54625 2.2167141 3.4799044
9055.557 255.2479 227.85449 2.4259238 3.4417067
9059.133 262.77612 230.25015 1.7152404 3.4776075
9062.708 258.98746 231.1049 1.3945572 3.4533925
9066.284 249.81612 225.72943 2.0502362 3.4046328
9069.859 252.72102 223.29405 1.9943587 3.4197488
9073.436 246.76726 218.49821 2.091339 3.3858128
9077.012 238.04898 212.60942 2.1919866 3.331652
9080.587 242.88077 214.66396 1.3005654 3.3514223
9084.163 241.89397 217.34465 1.95144 3.3545792
9087.738 241.72997 217.82283 2.1203728 3.3595707
9091.314 247.3905 217.37729 1.2767559 3.3809443
9094.89 249.53593 217.63226 2.455086 3.4054534
9098.466 240.83972 213.91748 2.6631885 3.3597267
9102.042 249.59496 220.94345 2.245214 3.4082742
9105.617 254.04985 220.05853 2.1127183 3.432052
9109.193 251.33247 220.61884 2.2197847 3.4185798
9112.769 249.97319 217.6427 1.5211506 3.3986614
9116.345 247.5515 213.96437 1.1748524 3.3798895
9119.92 248.81133 218.94708 1.3277681 3.3948548
9123.496 243.7277 216.37013 1.0718131 3.3597295
9127.072 232.71388 211.926 1.562068 3.2981904
9130.647 238.93842 213.59962 1.7737451 3.3382783
9134.224 237.07492 209.39659 1.9851575 3.3271503
9137.799 231.38744 204.71538 2.0999653 3.2941234
9141.375 233.295 207.79332 1.879289 3.3029013
9144.95 242.34853 211.62108 1.8600448 3.3595207
9148.526 229.0279 203.28577 2.0652945 3.2816565
9152.102 229.2551 202.0782 1.8040034 3.279457
9155.678 234.38274 203.42178 1.4581356 3.3054042
9159.254 236.57907 205.00392 1.6356584 3.31971
9162.829 234.45703 203.95631 1.5305015 3.3075337
9166.405 230.82298 204.23088 1.2304596 3.2838132
9169.98 228.66405 201.43423 1.3483162 3.2676852
9173.557 228.51038 196.09193 1.6668628 3.2684739
9177.132 230.7548 200.71927 1.7277975 3.2882073
9180.708 228.33994 202.84427 1.6233227 3.2710743
9184.284 225.21306 199.15213 1.8033793 3.2517045
9187.859 224.70226 199.78775 1.5325971 3.2503946
9191.436 222.45215 194.83893 1.6906639 3.233217
9195.011 227.88954 201.04385 2.054368 3.2773457
9198.587 218.23701 191.81395 1.7870374 3.2108917
9202.162 223.71974 195.28445 1.4633911 3.2401004
9205.738 221.21396 194.48338 1.5151899 3.2202494
9209.314 212.6689 190.52869 1.6145595 3.1710527
9212.89 213.40749 190.40312 1.6264706 3.1783946
9216.466 214.30318 191.0122 1.6325012 3.1837018
9220.041 216.7793 188.50879 2.0753295 3.2041123
9223.617 213.5622 185.71613 1.941036 3.1798787
9227.192 206.88881 183.6972 2.0160737 3.1402552
9230.769 209.14943 184.0586 2.3042395 3.160021
9234.345 207.72758 183.29483 1.8443575 3.1421165
9237.92 203.00691 181.63838 1.9140905 3.1161168
9241.496 205.38916 186.53769 1.5249064 3.130049
9245.071 205.86876 184.19875 1.5531974 3.1274638
9248.647 210.8514 187.63263 2.122026 3.1694362
9252.223 207.55594 184.13963 1.6979934 3.1378858
9255.799 206.74663 179.98578 1.4789886 3.130567
9259.374 213.40903 182.71957 1.7227523 3.1780453
9262.95 202.88565 180.4867 2.5022085 3.1227584
9266.526 209.41142 182.07872 1.3349487 3.1475575
9270.102 203.22029 177.82642 1.7480737 3.1096416
9273.678 195.83954 175.76135 2.0565484 3.0694087
9277.253 191.03114 170.50728 1.8270683 3.0312304
9280.829 192.45074 166.94026 1.843766 3.039843
9284.404 185.48703 165.31236 1.7883792 2.9941733
9287.98 185.90227 165.3334 1.8931472 2.9976983
9291.557 186.92233 162.86755 1.8048836 3.0015965
9295.132 178.36342 157.41264 1.8178468 2.942933
9298.708 175.59282 157.60133 2.2515602 2.931356
9302.283 174.36559 156.36713 2.624902 2.9302003
9305.859 175.44339 149.63945 3.3797088 2.9435456
9309.435 169.88235 146.64578 3.8068962 2.904696
9313.011 166.57779 144.19923 3.7818668 2.8814952
9316.587 157.73782 135.46927 3.7822227 2.8132849
9320.162 156.84503 131.51865 2.994982 2.791402
9323.738 151.38278 128.93347 2.1858633 2.7404542
9327.313 149.04836 130.34384 3.0259345 2.7402718
9330.89 148.3001 130.00566 2.1118605 2.7194612
9334.465 144.98499 124.55113 1.569403 2.684028
9338.041 143.16994 123.996315 2.3836627 2.6774282
9341.616 144.00565 120.56215 2.0194848 2.6773088
9345.192 142.06487 121.69512 2.0743828 2.6673558
9348.769 141.25995 121.00163 1.4679627 2.6532173
9352.344 144.65424 125.39692 1.8375775 2.691796
9355.92 144.78497 125.35225 1.3545281 2.6794667
9359.495 145.91972 122.789085 0.99999696 2.6836793
9363.071 139.18369 122.19048 2.5182765 2.6594124
9366.646 146.43527 127.10232 3.99957 2.736964
9370.223 147.61546 124.58447 3.6168985 2.7359936
9373.799 142.2117 122.050575 4.162961 2.7020502
9377.374 144.40016 124.76219 4.567406 2.7268624
9380.95 146.26534 127.14651 3.2442183 2.7242908
9384.525 150.22765 130.58212 2.112074 2.7421224
9388.102 154.60724 133.70934 1.563729 2.7663481
9391.677 153.88579 135.97269 1.4900408 2.7622628
9395.253 150.84015 136.584 1.6448188 2.7436037
9398.829 155.68674 136.92155 1.9946305 2.783027
9402.404 155.37138 132.37631 1.9415363 2.7795064
9405.98 150.63223 130.57726 2.1330645 2.744408
9409.556 145.49272 126.95613 1.8676063 2.699422
9413.132 146.26532 124.9862 1.9192966 2.7005026
9416.707 145.91417 126.26304 2.4628305 2.715586
9420.283 138.00569 118.42745 1.7864757 2.6382
9423.859 130.44917 115.4064 2.1205928 2.5891507
9427.435 127.0685 108.65036 2.5102122 2.5577059
9431.011 132.88116 111.65577 2.1665003 2.6004512
9434.586 119.47347 104.56608 2.715795 2.4994218
9438.162 119.800964 103.989586 2.520974 2.4984617
9441.737 120.348915 104.422035 2.7458887 2.5077682
9445.313 122.42489 106.84408 2.1719368 2.5185382
9448.889 122.0637 106.2711 2.5920753 2.5241556
9452.465 119.50529 104.12164 2.5389087 2.501893
9456.041 124.81943 104.2984 2.392042 2.538251
9459.616 125.49937 108.691795 3.014973 2.5605543
9463.192 131.9873 111.8981 1.894245 2.5939612
9466.768 128.44872 113.497086 2.6836333 2.5868287
9470.344 123.445946 108.062065 3.4522104 2.555761
9473.919 128.39795 113.692406 2.5632055 2.5745397
